REGIAO:;CO
UF:;MS
ESTACAO:;RIO BRILHANTE
CODIGO (WMO):;A743
LATITUDE:;-21,77499999
LONGITUDE:;-54,52805554
ALTITUDE:;324,31
DATA DE FUNDACAO:;26/06/08
Data;Hora UTC;PRECIPITAÇÃO TOTAL, HORÁRIO (mm);PRESSAO ATMOSFERICA AO NIVEL DA ESTACAO, HORARIA (mB);PRESSÃO ATMOSFERICA MAX.NA HORA ANT. (AUT) (mB);PRESSÃO ATMOSFERICA MIN. NA HORA ANT. (AUT) (mB);RADIACAO GLOBAL (Kj/m²);TEMPERATURA DO AR - BULBO SECO, HORARIA (°C);TEMPERATURA DO PONTO DE ORVALHO (°C);TEMPERATURA MÁXIMA NA HORA ANT. (AUT) (°C);TEMPERATURA MÍNIMA NA HORA ANT. (AUT) (°C);TEMPERATURA ORVALHO MAX. NA HORA ANT. (AUT) (°C);TEMPERATURA ORVALHO MIN. NA HORA ANT. (AUT) (°C);UMIDADE REL. MAX. NA HORA ANT. (AUT) (%);UMIDADE REL. MIN. NA HORA ANT. (AUT) (%);UMIDADE RELATIVA DO AR, HORARIA (%);VENTO, DIREÇÃO HORARIA (gr) (° (gr));VENTO, RAJADA MAXIMA (m/s);VENTO, VELOCIDADE HORARIA (m/s);
2024/01/01;0000 UTC;0;973,8;973,8;973,3;;24,8;21,3;25,5;24,8;21,6;20,4;82;74;81;;7,1;2;
2024/01/01;0100 UTC;0;974,7;974,7;973,8;;24;20,7;24,8;24;21,3;20,6;82;80;82;;4,6;,2;
2024/01/01;0200 UTC;0;974,9;975;974,7;;23,9;20,3;24;23,9;20,7;20,3;82;80;80;;2,1;0;
2024/01/01;0300 UTC;0;974,7;974,9;974,7;;23,4;20,6;23,9;23,4;20,6;20,3;84;80;84;;1,6;,3;
2024/01/01;0400 UTC;0;974,8;975;974,7;;23,3;20,5;23,5;23,3;20,7;20,4;85;83;84;;1,9;,3;
2024/01/01;0500 UTC;0;974,3;974,8;974,2;;23,4;20,5;23,4;23,2;20,6;20,4;85;84;84;;3,2;1,2;
2024/01/01;0600 UTC;0;973,5;974,3;973,5;;23,2;20,2;23,4;23,2;20,5;20,1;84;83;83;;3,6;0;
2024/01/01;0700 UTC;0;972,6;973,5;972,6;;23;20,1;23,2;23;20,3;19,9;84;82;83;;,4;0;
2024/01/01;0800 UTC;0;972,5;972,6;972,4;;22,9;20,1;23,1;22,9;20,2;19,9;84;83;84;;2,3;,2;
2024/01/01;0900 UTC;0;973;973;972,5;1,7;22,9;19,9;22,9;22,9;20,2;19,9;85;83;83;;1,7;0;
2024/01/01;1000 UTC;0;973,6;973,6;973;159,7;23,6;20,4;23,8;22,9;20,8;20;85;82;82;;1,8;,2;
2024/01/01;1100 UTC;0;974,4;974,5;973,6;843;26,1;21,1;26,1;23,6;22,1;20,3;84;74;74;;2,4;,5;
2024/01/01;1200 UTC;0;974,8;974,8;974,4;1284,2;27,5;21,6;27,5;25,6;22;20,6;76;70;70;;2,4;,1;
2024/01/01;1300 UTC;0;974,9;974,9;974,7;2343,3;29,2;20,9;29,7;27,2;22,2;20,2;70;59;61;;3,8;1,2;
2024/01/01;1400 UTC;,2;974,6;974,9;974,6;3183,2;29,7;20,2;30,7;29,1;21,3;19;61;51;57;;5,1;1,9;
2024/01/01;1500 UTC;0;973,8;974,6;973,8;3306,2;30,5;20,8;31,5;29,7;22,3;20,2;60;53;56;;5,9;1,6;
2024/01/01;1600 UTC;0;973,1;973,8;973,1;1701,7;29,6;21,2;31,5;29,4;22,1;20;63;53;61;;6,1;2;
2024/01/01;1700 UTC;0;972;973,1;972;3374,6;31,7;21;32,4;29,6;22,8;19,5;61;48;53;;7,6;1,1;
2024/01/01;1800 UTC;0;970,6;972;970,6;2056,4;32;20,3;32,6;30,4;22,4;19,6;56;48;50;;5,2;2,4;
2024/01/01;1900 UTC;0;969,4;970,6;969,4;2710,7;32,8;19,5;32,9;31,9;20,4;16,5;51;39;45;;5,4;2,4;
2024/01/01;2000 UTC;0;969,3;969,5;969,3;1768,7;32,1;17,5;33,1;31,7;20,5;17,1;50;40;42;;5,4;1,4;
2024/01/01;2100 UTC;0;969,8;969,9;969,1;634,9;30;21,9;32,6;29,7;22,2;16,5;64;38;62;;4,5;,3;
2024/01/01;2200 UTC;0;970,3;970,4;969,8;148,6;27,8;20,1;30;27,8;22,7;20;67;61;63;;6,3;3,2;
2024/01/01;2300 UTC;0;971,4;971,4;970,3;8,5;25,1;19,3;27,8;25,1;20,7;19,1;71;63;70;;10,1;3,8;
2024/01/02;0000 UTC;0;972,8;972,8;971,4;;25,4;19,2;25,4;24,3;20,1;19;76;68;69;;6,1;,1;
2024/01/02;0100 UTC;0;973,9;973,9;972,8;;24,3;19,5;25,6;24,3;20,1;19,2;75;69;75;;5,8;1,6;
2024/01/02;0200 UTC;0;974,3;974,4;973,8;;24,1;19,7;24,3;24,1;20,4;19,4;80;74;77;;5,1;1,5;
2024/01/02;0300 UTC;,6;974,6;975,1;974,3;;23;19,4;24,3;23;19,9;18,9;81;72;80;;4,9;,6;
2024/01/02;0400 UTC;,4;973,8;974,6;973,8;;22,2;19,7;23;22,2;20;19,4;87;80;86;;3,7;,9;
2024/01/02;0500 UTC;,8;972,8;973,8;972,8;;22;18,7;22,2;22;19,5;18,6;86;81;82;;4,3;1,8;
2024/01/02;0600 UTC;0;973,2;973,2;972,7;;22,1;18,7;22,2;22;19,2;18,6;84;81;81;;4,3;1,2;
2024/01/02;0700 UTC;3,8;973,3;973,7;973,2;1,2;21,5;17,4;22,1;21,4;18,8;17,4;83;77;77;;7,3;1,9;
2024/01/02;0800 UTC;3,8;970,6;973,3;970,2;;22,4;16,9;22,4;21,5;18,1;16,8;81;71;71;;5,9;2,4;
2024/01/02;0900 UTC;0;971,2;972;970,4;2,6;22,3;17,4;23;22,3;18;16,6;75;67;74;;7,2;,2;
2024/01/02;1000 UTC;0;971,6;971,6;971;150,4;23,4;18,2;23,4;22,2;18,2;17,3;76;72;73;;2,1;0;
2024/01/02;1100 UTC;0;972,2;972,2;971,6;591,9;24,5;18,2;24,5;23,4;18,6;17,8;73;67;68;;1,6;0;
2024/01/02;1200 UTC;0;972,9;972,9;972,2;1113;25,9;18;25,9;24,5;18,7;17,6;68;61;62;;2,7;0;
2024/01/02;1300 UTC;0;973;973;972,8;1928,8;27,2;18,6;27,3;25,9;19,7;17,8;68;58;59;;2,3;0;
2024/01/02;1400 UTC;,2;973;973,2;972,9;2610,3;28,8;19,6;29,5;27,2;20,5;18,3;60;54;58;;2,7;,2;
2024/01/02;1500 UTC;0;972,9;973;972,9;2019,6;29,4;20,4;29,7;28,5;20,6;19;59;55;59;;4,4;2,3;
2024/01/02;1600 UTC;0;971,9;972,9;971,9;2329,7;30,2;24,6;30,8;29,1;25;20,1;77;56;72;;4,9;1,7;
2024/01/02;1700 UTC;0;970,7;971,9;970,7;3683,9;31,9;24,8;31,9;30;25;22,7;73;63;66;;4,6;,9;
2024/01/02;1800 UTC;0;970,1;970,7;970;1634,6;27,4;23;32,2;27,4;24,9;22,3;79;59;77;;6,8;3,8;
2024/01/02;1900 UTC;,8;969,2;970,1;969,2;924,1;26,4;23,7;27,4;25;24,4;21,8;90;74;85;;8,2;1,3;
2024/01/02;2000 UTC;0;969,9;969,9;969;475,6;26,7;23,8;27,2;26,3;24,5;23,3;87;82;84;;4,2;0;
2024/01/02;2100 UTC;2,6;970;970,2;969,9;119,4;24,4;23,2;26,7;24,3;23,9;22,6;93;83;93;;5,4;,3;
2024/01/02;2200 UTC;0;970,1;970,3;969,6;158,6;24,6;23,1;24,8;24,3;23,5;23;94;91;91;;4,8;0;
2024/01/02;2300 UTC;0;971,1;971,1;970;6,9;24,4;23;24,7;24,4;23,5;22,9;94;90;92;;2,7;,7;
2024/01/03;0000 UTC;0;971,7;971,7;971,1;;24,1;22,3;24,4;24,1;23;22,3;92;90;90;;2,3;0;
2024/01/03;0100 UTC;0;972,2;972,2;971,7;;24;22,4;24,2;23,8;22,8;22,2;92;90;91;;2,3;,2;
2024/01/03;0200 UTC;0;972,4;972,4;971,9;;23,5;21,7;24;23,5;22,5;21,7;91;90;90;;1,8;0;
2024/01/03;0300 UTC;0;971,8;972,4;971,8;;23,3;21,7;23,7;23,3;22,3;21,7;92;90;91;;2,6;0;
2024/01/03;0400 UTC;0;971,4;972;971,4;;23,4;22,1;23,5;23,3;22,2;21,8;93;91;92;;2,2;0;
2024/01/03;0500 UTC;0;970,5;971,5;970,5;;23;21,8;23,5;23;22,2;21,8;93;92;93;;1,2;0;
2024/01/03;0600 UTC;0;970,3;970,5;970,3;;23,1;22,4;23,2;22,9;22,5;21,8;96;93;95;;1;0;
2024/01/03;0700 UTC;0;970;970,3;970;;22,8;22,6;23,1;22,8;22,6;22;99;95;99;;2;0;
2024/01/03;0800 UTC;,4;970,3;970,3;969,8;;22,4;22,3;22,9;22,3;22,8;22,3;100;99;100;;,9;0;
2024/01/03;0900 UTC;0;971,3;971,3;970,2;;22,4;22,3;22,7;22,2;22,6;22,2;100;100;100;;0;0;
2024/01/03;1000 UTC;0;972,1;972,2;971,3;172,6;22,9;22,8;23;22,2;23;22,2;100;100;100;;0;0;
2024/01/03;1100 UTC;0;972,6;972,6;972,1;767,7;25,2;24,1;25,2;22,9;24,7;22,8;100;93;94;;1,2;,1;
2024/01/03;1200 UTC;0;973,2;973,2;972,6;1670,6;27,6;24,3;27,7;25,2;24,7;23,3;93;82;82;;2,8;,3;
2024/01/03;1300 UTC;0;973,5;973,5;973,2;2469;29;23,8;29;27,4;24,6;23;83;72;73;;2,8;,3;
2024/01/03;1400 UTC;0;973,6;973,7;973,5;3075,3;30,3;23,6;30,5;28,6;24,6;22,2;74;64;68;;3,1;,7;
2024/01/03;1500 UTC;0;973,1;973,7;973,1;3496,3;30,9;24;31,1;30;24,9;22,8;72;64;67;;3,9;,9;
2024/01/03;1600 UTC;0;972,4;973,1;972,3;3809,5;31,6;23,4;32,3;30,7;24,8;22,7;69;59;62;;3,2;1,2;
2024/01/03;1700 UTC;0;971,8;972,4;971,8;2539,1;33;22,6;33,3;30,9;24,5;22,4;66;54;55;;3,1;,7;
2024/01/03;1800 UTC;0;971,1;971,8;971,1;3494,4;32,8;23,5;33,8;32,6;24;21,9;60;51;58;;3,3;1;
2024/01/03;1900 UTC;0;970,1;971,1;969,9;2268;32,3;22,6;33,6;32,3;25,3;22,2;63;53;57;;5,2;2,5;
2024/01/03;2000 UTC;0;969,3;970;969,3;856,1;32,9;23,8;32,9;31,8;24,9;22,7;65;57;59;;4,6;1,5;
2024/01/03;2100 UTC;0;969,3;969,4;968,8;1105,9;31,9;24,2;32,9;31,1;25,2;23,5;70;58;64;;4;1,9;
2024/01/03;2200 UTC;0;969,8;969,8;969,3;158,7;28,9;25,2;31,8;28,9;25,3;24;81;63;81;;3,7;,9;
2024/01/03;2300 UTC;0;970,8;970,8;969,8;4,5;27;25,1;28,9;27;25,3;25,1;89;81;89;;1,6;,1;
2024/01/04;0000 UTC;0;971,3;971,3;970,8;;26,4;25;27;26,3;25,3;24,9;93;89;92;;1,7;0;
2024/01/04;0100 UTC;0;971,7;971,7;971,3;;26,7;24,9;26,7;26;25;24,7;93;90;90;;2,6;1;
2024/01/04;0200 UTC;0;972,1;972,2;971,7;;25,6;24,5;26,9;25,6;24,9;24,1;94;87;94;;3,2;,2;
2024/01/04;0300 UTC;0;972,2;972,2;971,9;;24,6;23,9;25,8;24,6;24,7;23,8;96;93;96;;2,6;1,5;
2024/01/04;0400 UTC;0;971,9;972,2;971,9;;24,5;23,8;24,7;24,4;24;23,8;96;96;96;;2,7;0;
2024/01/04;0500 UTC;0;971,4;972;971,4;;24,5;23,3;24,5;24,2;23,7;23,3;96;93;93;;2,8;1;
2024/01/04;0600 UTC;0;971;971,4;971;;23,6;22,8;24,5;23,6;23,2;22,8;96;93;96;;2,1;0;
2024/01/04;0700 UTC;0;971,1;971,1;970,9;;23,1;22,6;23,6;23,1;22,8;22,6;97;96;97;;1,1;0;
2024/01/04;0800 UTC;0;971,3;971,3;971;;23,3;23;23,4;22,7;23,1;22,2;98;97;98;;2,6;0;
2024/01/04;0900 UTC;0;971,7;971,7;971,2;0;23,1;19,5;23,3;22,6;23;18,8;98;79;80;;0;0;
2024/01/04;1000 UTC;0;972,4;972,4;971,7;156,7;24,9;20,6;25,2;22,9;21,4;19,2;83;77;77;;3,4;,5;
2024/01/04;1100 UTC;0;973;973;972,4;738,4;26,3;23,8;26,5;24,9;24,1;20,6;87;76;86;;2,8;,8;
2024/01/04;1200 UTC;0;973,6;973,6;973;1696;28,7;24,3;28,7;26,3;25;23,6;87;77;77;;4;1,6;
2024/01/04;1300 UTC;0;973,9;973,9;973,6;2435,2;30,7;23,6;30,7;28,6;24,7;22,5;78;64;66;;4,7;1,7;
2024/01/04;1400 UTC;0;973,8;974;973,8;3043,6;31,5;24,1;31,7;30,2;24,6;22,8;69;62;65;;4,7;1,7;
2024/01/04;1500 UTC;0;973,1;973,8;973,1;3711,8;33;23,8;33,7;31,4;25,2;22,3;67;54;58;;3,3;,7;
2024/01/04;1600 UTC;0;972,8;973,1;972,6;2922,5;33;23,9;34;32;24,8;22,3;62;54;59;;4,1;1,8;
2024/01/04;1700 UTC;0;972,3;972,8;972,3;1964,3;33,2;22,2;33,7;32;24,2;22;61;52;53;;4,1;,3;
2024/01/04;1800 UTC;0;971,2;972,3;971,2;1314,5;32,7;23,5;33,5;32,7;24,4;21,7;60;51;59;;5,1;2,7;
2024/01/04;1900 UTC;0;970,7;971,2;970,6;2651,3;33,7;23,5;34,5;32,7;24,7;21,8;63;51;55;;5,5;1,2;
2024/01/04;2000 UTC;0;970;970,7;970;1721,3;34;23,2;34,2;32,6;24,2;22,3;59;50;54;;4,3;2,9;
2024/01/04;2100 UTC;0;970,1;970,3;969,9;660,8;30,2;22,2;34;30,1;23,3;21,8;66;52;63;;5,5;,4;
2024/01/04;2200 UTC;0;971,9;971,9;970,1;199,3;26,3;23,2;30,6;25,9;23,6;21,2;85;58;83;;7,7;,8;
2024/01/04;2300 UTC;0;972,4;972,4;971,9;46,2;23,7;20,4;26,9;23,7;23,2;20,3;83;76;82;;8,4;2,4;
2024/01/05;0000 UTC;,2;972,7;973,1;972,3;;23;21,5;23,7;22,6;21,5;20,4;91;82;91;;7,8;2,2;
2024/01/05;0100 UTC;0;972,7;972,7;972,1;;24,8;20,3;25,1;22,8;21,6;20,3;91;76;76;;5,9;2,1;
2024/01/05;0200 UTC;0;973,2;973,3;972,6;;23,3;20,9;24,8;23,2;21,2;20,3;88;76;87;;4,1;,1;
2024/01/05;0300 UTC;0;973,4;973,4;973,1;;22,5;20,9;23,3;22,5;21,4;20,7;91;86;91;;3;,9;
2024/01/05;0400 UTC;0;972,7;973,4;972,7;;22,2;20,6;22,9;22,1;21,4;20,6;93;90;91;;3,2;0;
2024/01/05;0500 UTC;0;972,1;972,7;972;;21,7;20,6;22,2;21,7;20,9;20,2;94;90;93;;2,5;,7;
2024/01/05;0600 UTC;0;971,6;972,1;971,6;;21,2;20,2;22;21,1;20,8;20;94;92;94;;2,1;,2;
2024/01/05;0700 UTC;0;971,4;971,6;971,4;;21,1;20,4;21,2;20,9;20,4;20;96;94;96;;2,1;0;
2024/01/05;0800 UTC;0;971,8;971,8;971,3;;20,8;20,1;21,1;20,7;20,4;20;96;95;96;;1,3;,2;
2024/01/05;0900 UTC;0;972,4;972,4;971,8;;21,1;20,5;21,1;20,6;20,5;20;97;96;97;;1,6;,5;
2024/01/05;1000 UTC;0;973;973;972,4;160,2;22,5;21,4;22,5;21,1;21,4;20,6;97;93;93;;2;0;
2024/01/05;1100 UTC;0;973,6;973,6;973;734,8;25;22,7;25;22,5;22,7;21,3;94;86;87;;1,7;,1;
2024/01/05;1200 UTC;0;973,8;973,8;973,5;1702,9;28;21,8;28,6;25;23,4;21,2;87;67;69;;2,8;1;
2024/01/05;1300 UTC;,2;973,8;973,9;973,8;2455;29,7;23,3;29,7;28;23,5;21,6;72;67;69;;3,1;,3;
2024/01/05;1400 UTC;0;973,7;973,9;973,6;3053,6;30,7;23,2;31,2;29,3;24,1;22,5;70;63;64;;3,1;,4;
2024/01/05;1500 UTC;0;973,3;973,7;973,3;3532,5;32,2;23,3;32,3;30,5;24,4;21,1;67;54;60;;3,1;,4;
2024/01/05;1600 UTC;0;973;973,3;973;3088,6;33,1;22,6;33,2;31,6;24,3;22;63;54;54;;5;1,7;
2024/01/05;1700 UTC;0;972,1;973;972,1;3770,1;33,9;21,6;34,2;32,9;23;20,5;56;45;49;;4,9;1,3;
2024/01/05;1800 UTC;0;971;972,1;971;3427,4;34,1;20,4;34,6;33,6;23,3;20,3;54;44;45;;5,6;2,3;
2024/01/05;1900 UTC;0;970;971;970;2826,9;34,4;20,3;35;34,1;22,3;20;50;43;44;;6,3;3,7;
2024/01/05;2000 UTC;0;969,6;970;969,6;2141,1;34,2;20,4;35;34,2;21,8;19,3;48;41;45;;6;3,1;
2024/01/05;2100 UTC;0;969,7;969,7;969,5;1304,4;34;19,8;34,5;33,9;21,4;19,1;48;41;43;;5,1;1,9;
2024/01/05;2200 UTC;0;970,1;970,1;969,7;404;32,2;21,3;34,5;32,2;21,7;19,6;53;42;53;;3,3;,1;
2024/01/05;2300 UTC;0;970,6;970,6;970,1;16,7;28,1;22,9;32,2;28,1;24;21,5;77;53;73;;1,3;0;
2024/01/06;0000 UTC;0;971,8;971,8;970,6;;27;23,2;28,1;27;23,6;22,9;80;73;79;;0;0;
2024/01/06;0100 UTC;0;972,5;972,5;971,8;;25,2;22,9;27;25,2;23,4;22,9;87;79;87;;0;0;
2024/01/06;0200 UTC;0;972,8;972,8;972,5;;24,6;23,2;25,4;24,6;23,4;22,8;92;87;92;;0;0;
2024/01/06;0300 UTC;0;972,8;972,9;972,8;;24,4;23,1;25;24,3;23,8;22,9;93;91;92;;0;0;
2024/01/06;0400 UTC;0;971,9;972,8;971,9;;23;22;24,4;23;23,2;22;94;92;94;;2,7;1,3;
2024/01/06;0500 UTC;0;971,3;971,9;971,3;;22,7;21,6;23;22,5;22;21,5;94;93;93;;2,3;,5;
2024/01/06;0600 UTC;0;971,2;971,3;971;;22,7;21,6;23,1;22,4;21,9;21;94;91;94;;3,5;,2;
2024/01/06;0700 UTC;0;971;971,2;970,9;;22,3;21,2;22,9;22;21,8;20,9;94;93;93;;2,6;1;
2024/01/06;0800 UTC;0;971,5;971,5;971;;20,8;20;22,6;20,8;21,4;19,9;95;92;95;;2,6;,4;
2024/01/06;0900 UTC;0;971,6;971,6;971,4;;20,8;20,1;21,1;20,8;20,3;20;95;95;95;;1,5;,6;
2024/01/06;1000 UTC;0;972,2;972,2;971,6;143,3;23,5;22,2;23,5;20,6;22,6;19,8;95;93;93;;1,9;0;
2024/01/06;1100 UTC;0;972,7;972,7;972,2;741;25,4;22,1;25,4;23,5;22,2;21,4;93;81;82;;2,2;,9;
2024/01/06;1200 UTC;0;972,9;973;972,7;1707,5;27,7;21,6;27,8;25,4;22,6;21,3;82;68;69;;2;,1;
2024/01/06;1300 UTC;0;973,1;973,1;972,9;2463,7;30,3;23,2;30,5;27,6;24;21,5;73;65;66;;2,5;,3;
2024/01/06;1400 UTC;0;972,6;973,1;972,6;3085,9;32,8;23,3;32,8;30,3;24;22,1;67;54;58;;4;1,8;
2024/01/06;1500 UTC;0;972,3;972,6;972,3;3571,7;34,2;21,7;34,4;32,7;23,9;21,2;57;47;48;;5,1;1,6;
2024/01/06;1600 UTC;0;971,9;972,3;971,9;3566,1;34,5;21,1;34,9;33,5;23,6;20;54;42;46;;6;2,7;
2024/01/06;1700 UTC;0;971,3;971,9;971,3;3708,7;35;20,5;35,7;34,5;22,6;18,5;48;38;43;;6;2,3;
2024/01/06;1800 UTC;0;970,5;971,3;970,5;3150,1;35,8;21,8;36,1;34,6;23,7;19,6;51;39;44;;6,1;1,3;
2024/01/06;1900 UTC;0;969,9;970,5;969,9;2890,2;36,3;18,6;36,4;35,3;21,6;16,9;45;32;35;;5,8;2,2;
2024/01/06;2000 UTC;0;969,4;969,9;969,4;2169,5;35,4;20,4;36,3;35,4;20,8;17,7;42;34;42;;5,6;1,7;
2024/01/06;2100 UTC;0;969,4;969,4;969,2;1319,8;35,3;19,3;35,9;34,9;22,1;18,1;46;36;39;;4,3;1,1;
2024/01/06;2200 UTC;0;969,8;969,8;969,4;441,6;33;19,3;35,4;33;21,3;18,4;48;37;44;;2,6;,1;
2024/01/06;2300 UTC;0;970,3;970,3;969,7;17,1;28,9;19,3;33;28,9;21,2;18,8;61;43;56;;2;0;
2024/01/07;0000 UTC;0;971;971;970,3;;25,5;21,3;29,1;25,5;21,4;19,5;78;56;78;;1,7;,4;
2024/01/07;0100 UTC;0;971,5;971,5;971;;25,6;19,9;26;24,9;21,9;19,9;80;71;71;;2,3;,4;
2024/01/07;0200 UTC;0;971,4;971,6;971,4;;25,6;21;26;24,3;21,3;19,9;81;69;76;;2,6;,1;
2024/01/07;0300 UTC;0;971,2;971,5;971,2;;23,9;21,3;25,6;23,9;21,3;20,7;85;76;85;;1,7;0;
2024/01/07;0400 UTC;0;970,9;971,2;970,9;;23,9;21,6;24;23,8;21,9;21,3;88;85;87;;1,1;0;
2024/01/07;0500 UTC;0;970,6;970,9;970,6;;22,9;21,3;24,1;22,8;21,7;21;91;86;91;;3,2;,4;
2024/01/07;0600 UTC;0;970,5;970,6;970,4;;22,4;21,1;23,1;22,3;21,5;20,9;93;90;93;;1,2;0;
2024/01/07;0700 UTC;0;970,4;970,5;970,3;;22,8;21,7;22,8;22,3;21,7;21,1;94;93;93;;1,3;0;
2024/01/07;0800 UTC;0;970,7;970,7;970,3;;22;20,9;22,8;21,9;21,6;20,6;94;92;94;;1,3;,2;
2024/01/07;0900 UTC;0;971,6;971,6;970,7;;22;20,6;22,1;21,8;21;20,6;94;92;92;;2,2;,2;
2024/01/07;1000 UTC;0;972,1;972,1;971,6;147,1;24,8;21,8;25;21,9;22,2;20,4;92;84;84;;1,5;0;
2024/01/07;1100 UTC;0;972,9;972,9;972,1;724,6;27,2;22,8;27,7;24,6;23,2;21,5;84;76;77;;1,4;,1;
2024/01/07;1200 UTC;0;973,4;973,4;972,9;1692,6;29,6;23,6;29,6;27,3;24,1;22,6;78;70;70;;4,1;2,2;
2024/01/07;1300 UTC;0;973,4;973,5;973,4;2450,2;31,7;24,6;31,8;29,5;24,7;23,4;72;63;66;;4,7;2,4;
2024/01/07;1400 UTC;0;973,2;973,4;973,1;2997;32,9;24,2;33,5;31,7;24,9;23,6;66;57;61;;6,9;1,8;
2024/01/07;1500 UTC;0;972,7;973,2;972,7;3012;34,2;23,7;35;32,8;24,8;22,9;61;53;54;;5;1,9;
2024/01/07;1600 UTC;0;972;972,7;972;3046,1;34,4;23,1;35,3;33;24,7;22,1;60;47;52;;5,2;2,5;
2024/01/07;1700 UTC;0;971,3;972;971,3;3438;35,9;22,6;35,9;33,6;24,9;21,9;56;46;46;;5,9;2;
2024/01/07;1800 UTC;0;970;971,3;969,9;3530,7;36;23,4;36,3;35,3;23,6;21,2;51;43;48;;6,2;3;
2024/01/07;1900 UTC;14,2;971,8;971,9;970;700,2;25,1;20,4;36;24,6;23,6;20,4;93;46;75;;13,3;3,7;
2024/01/07;2000 UTC;9,6;971,6;972;971,1;94,3;23,5;20,8;25,4;22,4;21,7;18,8;88;69;85;;11,8;1,7;
2024/01/07;2100 UTC;,4;970,4;971,7;970,4;275,2;24,2;21,3;24,3;22,6;21,3;19,7;87;79;84;;7,1;3;
2024/01/07;2200 UTC;0;970,3;970,4;970;408,2;26,1;22,5;26,1;24,2;22,7;21,3;84;80;81;;5,1;,2;
2024/01/07;2300 UTC;0;970,3;970,5;970,2;58,2;25,1;21,5;26,3;25;22,5;21,5;83;78;80;;3,5;,6;
2024/01/08;0000 UTC;0;971,7;971,7;970,3;;24,3;20,3;25,6;24,3;21,6;20,3;81;78;78;;4,8;1;
2024/01/08;0100 UTC;0;972,1;972,1;971,7;;24,5;20,4;25;24,4;20,5;20,1;79;75;78;;3;,2;
2024/01/08;0200 UTC;0;972,1;972,2;972;;23,8;20,3;24,6;23,8;20,7;20,3;81;78;81;;2;,1;
2024/01/08;0300 UTC;0;971,6;972,2;971,6;;23,5;20,3;24;23,1;20,9;20,2;85;81;82;;2,4;,9;
2024/01/08;0400 UTC;0;971,2;971,6;971;;23,8;20,3;23,9;23,1;20,4;19,8;83;80;81;;2,4;,1;
2024/01/08;0500 UTC;0;970,7;971,2;970,7;;22,7;19,9;24,1;22,7;20,2;19,6;84;79;84;;1,5;0;
2024/01/08;0600 UTC;0;970,3;970,7;970,3;;22,7;20,1;23;22,4;20,5;19,6;86;84;86;;,7;0;
2024/01/08;0700 UTC;0;970,2;970,3;970,2;;22,5;20,3;22,7;22,4;20,4;20;87;86;87;;0;0;
2024/01/08;0800 UTC;0;970,6;970,6;970,2;;22,1;19,4;22,7;22,1;20,4;19,4;87;85;85;;1,2;0;
2024/01/08;0900 UTC;0;971,1;971,1;970,6;;21,6;19,7;22,1;21,4;19,7;19,1;89;85;89;;2,1;0;
2024/01/08;1000 UTC;0;971,7;971,7;971;147,8;23,9;21,2;23,9;21,4;21,4;19,4;90;85;85;;1,8;,1;
2024/01/08;1100 UTC;0;972,5;972,5;971,7;721,2;26,1;21,4;26,3;23,9;21,8;20,9;85;75;75;;1,4;0;
2024/01/08;1200 UTC;0;973,4;973,4;972,5;1675;29,5;22,9;29,8;26,1;23,7;21,5;78;66;68;;1,4;0;
2024/01/08;1300 UTC;,2;973,7;973,7;973,4;2426,6;31,8;24;31,9;29,5;24,9;22,4;69;62;64;;3;,4;
2024/01/08;1400 UTC;0;973,6;973,8;973,6;3030,4;33,5;23,7;33,6;31,8;25,2;23,3;66;56;57;;3,8;,7;
2024/01/08;1500 UTC;0;973;973,7;973;3499,9;34,1;24,4;34,3;33,3;25,6;23,6;64;56;57;;4,6;,3;
2024/01/08;1600 UTC;0;972,1;973;972,1;3385,9;34,4;24,9;34,9;33,2;26,4;23,8;64;54;58;;4,1;1,8;
2024/01/08;1700 UTC;0;972,7;972,7;971,7;2270,9;27,6;17,8;35,3;27,6;25,9;17,2;65;51;55;;12,7;6,2;
2024/01/08;1800 UTC;7,6;970,6;973,7;970,5;1379;27,8;20,3;27,8;23,3;20,8;16,9;72;55;64;;12,2;1,6;
2024/01/08;1900 UTC;0;970,3;971;970,3;1256,5;30;22,6;31;27,7;22,6;19,9;65;54;65;;3,6;0;
2024/01/08;2000 UTC;0;969,4;970,4;969,3;2337,1;32,8;20,7;33,4;30;24,3;19,6;67;45;49;;2,6;,3;
2024/01/08;2100 UTC;0;969,2;969,4;969;1059,3;32,8;22,3;33,7;32,5;23;20,4;55;47;54;;1,5;0;
2024/01/08;2200 UTC;0;969,8;969,8;969,1;382,4;31,7;24;32,9;31,7;24;21,4;64;52;64;;1,7;,1;
2024/01/08;2300 UTC;0;970,5;970,5;969,8;18,7;28,5;22,4;31,7;28,5;25,4;22,4;75;64;70;;1;0;
2024/01/09;0000 UTC;0;971,9;971,9;970,5;;27,2;22,1;28,5;27,2;23,3;21,9;75;70;74;;,6;0;
2024/01/09;0100 UTC;0;972,2;972,2;971,8;;27;22,3;28;26,9;22,9;22;76;72;76;;1,1;0;
2024/01/09;0200 UTC;0;972,7;972,7;972,2;;25,7;23,7;27;25,5;23,7;21,4;89;76;88;;3,5;,8;
2024/01/09;0300 UTC;0;972,3;972,7;972,3;;25,5;23,2;26;25,4;24;23,2;89;87;87;;2,9;,2;
2024/01/09;0400 UTC;0;972,2;972,5;972,1;;25,5;22,7;26;25,4;23,4;22,6;87;83;84;;3,4;,7;
2024/01/09;0500 UTC;0;971,6;972,3;971,6;;25,2;22;25,5;25,1;22,6;22;84;83;83;;2,5;,4;
2024/01/09;0600 UTC;0;971,7;971,8;971,5;;24,7;21,5;25,7;24,7;22,1;21,5;83;80;82;;3,4;1,4;
2024/01/09;0700 UTC;0;971,5;971,8;971,5;;24,3;19,4;24,7;24,3;21,6;19,4;83;74;74;;3,4;,7;
2024/01/09;0800 UTC;0;972,5;972,5;971,5;;23,9;19,4;24,4;23,9;19,4;19,1;76;73;76;;3,9;1,6;
2024/01/09;0900 UTC;0;973,1;973,2;972,5;;23,7;19,3;24,4;23,7;19,5;19,1;76;73;76;;3;0;
2024/01/09;1000 UTC;0;973,9;973,9;973,1;137,1;25,4;20,8;25,4;23,6;21,5;19,4;80;76;76;;1,4;,1;
2024/01/09;1100 UTC;0;974,5;974,6;973,9;731,4;26,7;21,4;27,1;25,4;21,8;20,3;76;68;73;;3,1;,8;
2024/01/09;1200 UTC;0;974,7;974,9;974,5;1663,7;28,9;22,6;29;26,7;23,2;21;76;68;69;;2,9;,3;
2024/01/09;1300 UTC;0;974,8;975;974,7;2425,9;30,6;24;30,6;28,9;24,5;22;72;65;68;;3,4;1;
2024/01/09;1400 UTC;0;974,4;974,9;974,4;3005,1;32,4;24,5;32,4;30,4;24,9;23,4;69;62;63;;4,2;1,2;
2024/01/09;1500 UTC;0;973,7;974,4;973,7;3456,1;33,9;26;33,9;31,8;26;22,9;64;57;63;;4,3;1,1;
2024/01/09;1600 UTC;0;972,9;973,8;972,9;3683,2;34,8;24,4;34,9;33,7;26,2;23,7;64;54;55;;4;1,2;
2024/01/09;1700 UTC;0;972,2;972,9;972,2;3518,9;35,5;23,6;35,5;34,6;26,1;22,8;59;49;50;;4,3;,4;
2024/01/09;1800 UTC;0;971,1;972,2;971,1;3350,6;36,2;22,8;36,2;34,6;26,2;22,3;61;45;46;;2,7;,3;
2024/01/09;1900 UTC;0;970,2;971,1;970,2;2870,8;36,1;22,8;36,6;35,7;25,9;22,3;57;45;46;;3,7;1,7;
2024/01/09;2000 UTC;0;970,8;970,9;970;2040,7;28,6;21,4;36,8;28,6;25,1;20,5;65;44;65;;12,3;6,6;
2024/01/09;2100 UTC;0;969,9;971,3;969,9;691,2;27;21,1;28,9;26,8;21,9;20,2;71;61;70;;15;3,2;
2024/01/09;2200 UTC;0;970,1;970,2;969,4;435,5;28,7;21,7;28,8;27;22;21;70;64;66;;6,1;,3;
2024/01/09;2300 UTC;0;970,6;970,6;970,1;26,9;26,9;22,3;28,8;26,3;23,3;21,3;82;66;76;;1,9;,1;
2024/01/10;0000 UTC;0;972;972;970,6;;25,9;22,5;27;25,1;22,9;22,1;87;75;82;;3,7;0;
2024/01/10;0100 UTC;0;973,6;973,6;972,1;;25,9;23;26,7;25,6;23;22,3;84;77;84;;4,5;,3;
2024/01/10;0200 UTC;0;977,2;977,2;973,6;;25,4;18,2;26,3;25,4;23,5;18,1;85;64;65;;14,8;6,9;
2024/01/10;0300 UTC;0;976,3;977,3;976,3;;24,2;17,6;25,4;24,2;18,1;17,3;68;62;66;;16,3;6,6;
2024/01/10;0400 UTC;0;973,7;976,3;973,7;;24;16,1;24,2;23,6;17,5;16;67;61;61;;11,7;3,1;
2024/01/10;0500 UTC;0;972,6;973,7;972,6;;23,4;16,3;24;23,4;16,4;15,7;64;60;64;;8,5;1,6;
2024/01/10;0600 UTC;0;972;972,7;971,9;;23;16,8;23,6;22,7;17,1;16,3;71;64;68;;10,5;5,3;
2024/01/10;0700 UTC;0;970,5;972,9;970,5;;22,3;16,9;23,2;22,3;17,1;16,6;72;67;71;;9,9;2,9;
2024/01/10;0800 UTC;0;972,9;973,4;970,5;;22,2;17;23,4;22,2;17,1;16,6;73;67;73;;9,1;,1;
2024/01/10;0900 UTC;0;973,5;973,5;972,6;;21,4;17,9;22,5;21,3;18,1;17,2;81;73;80;;3,2;0;
2024/01/10;1000 UTC;0;974,4;974,4;973,5;117,2;23,2;18,7;23,2;21,4;19,4;17,7;82;76;76;;2,2;0;
2024/01/10;1100 UTC;0;974,1;974,4;974,1;718,2;25,3;18,6;25,4;23,2;19,1;17,2;76;65;66;;4,4;1,7;
2024/01/10;1200 UTC;0;974,4;974,4;974,1;1681,9;26,8;18,7;27;25,3;19,5;18,5;67;61;61;;6,7;3;
2024/01/10;1300 UTC;0;974;974,4;974;2430,9;28,6;19,5;29,1;26,5;20,2;18,5;64;56;58;;6,8;2,7;
2024/01/10;1400 UTC;0;973,8;974;973,7;3016,7;30,4;19,9;30,4;28,6;20,5;19;59;53;54;;7,3;2,8;
2024/01/10;1500 UTC;0;973,1;973,8;973,1;3466,6;32;21;32,1;30,4;21,9;19,5;57;49;52;;6;2,3;
2024/01/10;1600 UTC;0;972,9;973,1;972,8;3550,9;33,1;21,1;33,5;32;22,6;20,3;54;48;50;;6,3;1,8;
2024/01/10;1700 UTC;0;971,9;972,9;971,9;3573,7;34,1;21;34,1;32,7;22,4;20,6;52;46;47;;5,6;2,3;
2024/01/10;1800 UTC;0;970,6;971,9;970,6;3292,2;34,8;20,4;35;33,1;22,2;19,8;51;43;43;;5;1,9;
2024/01/10;1900 UTC;0;970;970,6;970;1450,2;29,7;21;35,1;29,4;22;18,1;60;42;60;;8,5;4,1;
2024/01/10;2000 UTC;0;969,4;970,1;969,4;1068,1;29,3;18,7;30,1;28,4;21,3;18,7;61;53;53;;7,8;1,9;
2024/01/10;2100 UTC;0;969,7;969,9;969,2;970;31,1;20,3;31,3;29,3;21,2;18,4;57;48;53;;3,7;0;
2024/01/10;2200 UTC;0;970,7;970,7;969,7;666,1;30;19,4;31,7;30;20,8;17,8;55;44;53;;4,4;1,6;
2024/01/10;2300 UTC;0;971;971,1;970,7;52,4;27,7;20,5;30;27,7;20,8;19,4;66;53;65;;4,4;0;
2024/01/11;0000 UTC;0;971,3;971,4;971;;28;20,6;28,1;27,7;21,4;20,6;68;64;64;;2,9;1;
2024/01/11;0100 UTC;0;972,7;972,7;971,3;;27,1;20,8;28;27,1;20,8;20,2;69;63;69;;3;,3;
2024/01/11;0200 UTC;0;973,2;973,2;972,7;;26,5;20,3;27,1;26,1;20,9;20,2;73;68;69;;3,6;1,2;
2024/01/11;0300 UTC;0;972,9;973,5;972,9;;25,8;19,8;26,5;25,8;20,3;19,7;70;68;69;;2,7;,8;
2024/01/11;0400 UTC;0;972,7;972,9;972,5;;24,9;19,8;25,8;24,9;20,3;19,7;73;69;73;;2,1;0;
2024/01/11;0500 UTC;0;972,3;972,8;972,3;;25,3;20,2;25,6;24,8;20,6;19,8;75;73;74;;4,6;2,3;
2024/01/11;0600 UTC;0;971,6;972,5;971,6;;25,2;20,6;25,6;25,2;20,7;19,6;76;70;76;;4;0;
2024/01/11;0700 UTC;0;971,3;971,6;971,2;;25,4;20,3;25,5;24,9;20,7;20,2;77;73;73;;3;1,5;
2024/01/11;0800 UTC;0;971,1;971,3;970,9;;24,5;19,7;25,4;24,5;20,3;19,7;76;73;75;;3,8;1,4;
2024/01/11;0900 UTC;0;971,5;971,6;971;;24,2;19,8;24,5;24,2;20,2;19,6;77;75;77;;3,7;,9;
2024/01/11;1000 UTC;0;972,7;972,7;971,5;87,8;24,6;20;24,6;24,1;20,2;19,7;78;76;76;;1,9;0;
2024/01/11;1100 UTC;0;974,1;974,1;972,7;358,6;26,1;20,2;26,1;24,6;20,5;19,7;76;70;70;;,4;0;
2024/01/11;1200 UTC;0;974,6;974,6;974,1;780;27,1;20,9;27,1;26,1;20,9;20;71;66;69;;4,9;2,5;
2024/01/11;1300 UTC;0;974,6;974,8;974,6;2437,1;29,5;21,3;29,8;27,1;22,4;20,3;69;60;61;;7,2;4,6;
2024/01/11;1400 UTC;0;974,3;974,6;974,3;2328,4;30,1;20,8;30,5;29;22,2;20,6;63;57;58;;9;5,4;
2024/01/11;1500 UTC;0;973,7;974,3;973,7;2769,2;31,9;20,6;31,9;29,9;22,2;20,5;62;51;51;;7,7;4,5;
2024/01/11;1600 UTC;0;973;973,7;973;2542,3;31,3;19,7;32,3;30,8;21,6;19,1;54;48;50;;7,7;3,4;
2024/01/11;1700 UTC;0;971,8;973;971,8;2204;32;19,1;32,2;31,2;20,2;18,5;51;45;47;;7,4;3,5;
2024/01/11;1800 UTC;0;970,4;971,8;970,4;2604,3;32,6;18,2;33,2;31,7;20,1;17,7;50;41;42;;6,2;2,8;
2024/01/11;1900 UTC;0;970,6;971,3;970,4;2149,8;33,4;18,4;33,7;32,3;19,6;17;46;38;41;;6,2;2,6;
2024/01/11;2000 UTC;0;970,8;971,3;970,4;1048,4;26,4;18,4;33,5;25,9;19,4;16,9;66;39;62;;11,5;3,2;
2024/01/11;2100 UTC;0;972,1;972,1;970,7;385,3;26,2;19,5;26,5;25,8;20;18,4;70;61;66;;7,4;,3;
2024/01/11;2200 UTC;0;972,2;972,6;972,1;43;24,3;20,1;26,2;24,3;20,1;19,3;77;66;77;;5,6;1,8;
2024/01/11;2300 UTC;0;972,1;972,2;972;;23,7;20,2;24,3;23,7;20,2;19,8;81;76;81;;4,8;2,4;
2024/01/12;0000 UTC;0;972;972,2;971,9;;23,8;20,3;23,8;23,6;20,6;20;82;80;81;;4,8;1,5;
2024/01/12;0100 UTC;0;972,1;972,2;971,8;;23,5;20,3;23,7;23,4;20,4;19,9;83;80;82;;3,4;0;
2024/01/12;0200 UTC;0;971,8;972,1;971,7;;23,7;20,1;23,8;23,5;20,4;19,9;83;79;80;;1,4;0;
2024/01/12;0300 UTC;0;972,5;972,5;971,8;;23,5;19,6;23,9;23,5;20,2;19,5;81;78;79;;2,3;,9;
2024/01/12;0400 UTC;0;972,4;972,8;972,4;;23,6;19,9;23,6;23,3;19,9;19,3;80;78;80;;2,1;0;
2024/01/12;0500 UTC;0;972,2;972,5;972,2;;23,8;20;23,9;23,6;20,2;19,8;80;78;79;;2,2;,1;
2024/01/12;0600 UTC;0;971,9;972,3;971,9;;23,7;19,9;23,9;23,7;20,2;19,7;80;78;79;;2;,2;
2024/01/12;0700 UTC;0;971,9;971,9;971,7;;23,3;19,4;23,7;23,3;20;19,4;80;78;79;;2,2;,1;
2024/01/12;0800 UTC;0;972,1;972,2;971,9;;23,6;19,6;23,7;23,3;19,8;19,4;79;78;78;;1,9;0;
2024/01/12;0900 UTC;0;972,3;972,4;972,1;;23,4;19,5;23,6;23,3;19,8;19,3;79;78;78;;1,6;,1;
2024/01/12;1000 UTC;0;972,2;972,3;972,1;104,2;23,6;20;23,6;23,1;20;19,2;81;78;80;;1,6;,1;
2024/01/12;1100 UTC;0;972,5;972,5;972,2;592,2;25,6;21;25,9;23,6;22,5;20;82;76;76;;1,2;0;
2024/01/12;1200 UTC;0;972,9;972,9;972,5;1185,5;26,3;21,1;26,9;25,5;21,8;20,7;77;69;73;;2;,4;
2024/01/12;1300 UTC;0;973,3;973,3;972,8;1633,6;28,8;21,8;28,8;26,3;22,2;20,6;74;65;66;;3;1;
2024/01/12;1400 UTC;,2;973,8;973,8;973,3;2572,2;28,9;20,4;30,2;28,1;22;19,8;68;58;60;;3,5;,5;
2024/01/12;1500 UTC;0;973,4;973,8;973,4;3939,3;30,3;19,8;30,8;28,9;22,2;19,2;63;52;54;;3,7;1,3;
2024/01/12;1600 UTC;0;972,4;973,4;972,4;4051,3;31,6;19,6;32,1;30,2;21,5;18,5;56;47;49;;3,5;,8;
2024/01/12;1700 UTC;0;971,3;972,4;971,3;3573,3;31,3;17,8;32,6;31,2;21,4;17,6;53;42;45;;4,5;,8;
2024/01/12;1800 UTC;0;970,4;971,3;970,4;2373;32,4;17,9;32,9;30,9;20,3;17,1;49;41;42;;3,4;,5;
2024/01/12;1900 UTC;0;969,8;970,4;969,8;2716,4;32,6;19,7;33,4;32;24,1;17,9;59;40;47;;4,8;2,4;
2024/01/12;2000 UTC;0;969,5;969,8;969,5;1212,7;33,2;20,6;33,3;31,9;22,7;18,8;58;44;48;;4,8;,4;
2024/01/12;2100 UTC;5,2;969,9;969,9;969,5;1174,1;29,4;26,1;33,2;28,3;26,2;19,3;86;47;82;;4,8;,4;
2024/01/12;2200 UTC;0;970,7;970,9;969,9;257,4;28;15;29,4;27,6;26,5;14,4;85;43;45;;7,9;1,5;
2024/01/12;2300 UTC;11,2;973,3;973,3;970,7;39,1;24,4;15,6;28;24,4;16,3;15,2;59;45;58;;6,3;2,3;
2024/01/13;0000 UTC;18,2;973,1;973,4;972,6;;23,9;18;24,4;22,7;18,4;15,6;74;58;70;;8,9;,8;
2024/01/13;0100 UTC;0;972,8;973,3;972;,2;23,4;17,3;23,9;23,4;18,3;17,3;72;69;69;;3,3;1,4;
2024/01/13;0200 UTC;1,6;973,7;973,7;972,7;;23,6;17,7;23,6;23,4;18,3;17,3;73;69;69;;3;,8;
2024/01/13;0300 UTC;0;973,6;973,9;973,6;;23,6;17,9;23,7;23,5;18,3;17,6;72;69;70;;2,5;,1;
2024/01/13;0400 UTC;0;972,8;973,6;972,8;;23,4;17,5;23,7;23,4;18,5;17,5;73;69;69;;2,2;0;
2024/01/13;0500 UTC;0;972,1;972,8;972,1;;23,3;17,5;23,4;23,2;17,9;17,4;72;69;70;;1,5;0;
2024/01/13;0600 UTC;0;971,7;972,1;971,5;;22,9;18,8;23,4;22,8;18,8;17,4;78;69;78;;1,1;0;
2024/01/13;0700 UTC;0;972,1;972,1;971,7;;22,8;18,7;23,1;22,8;18,9;18,5;78;77;78;;1,3;,1;
2024/01/13;0800 UTC;0;972,2;972,3;972;;22,4;18,3;22,9;22,4;18,7;18,1;78;77;78;;1,6;0;
2024/01/13;0900 UTC;0;973;973;972,2;;22,5;16,1;22,7;22,4;18,4;16,1;78;67;67;;1,3;0;
2024/01/13;1000 UTC;0;974,1;974,1;973;144,3;23,2;16,9;23,3;22,4;17,1;16,1;69;67;68;;2,2;,2;
2024/01/13;1100 UTC;,2;974,8;974,8;974,1;391,6;23,8;17,5;23,8;23,2;17,5;16,8;69;67;68;;2,9;,3;
2024/01/13;1200 UTC;0;975,1;975,1;974,8;1428,5;26,8;19,3;26,8;23,8;19,5;17,5;71;63;63;;5,5;2,2;
2024/01/13;1300 UTC;0;975,2;975,3;975,1;2403,9;28,2;18,1;28,9;26,4;19,8;17,6;63;52;54;;5,5;2,5;
2024/01/13;1400 UTC;0;974,8;975,2;974,8;3015;29,5;19,7;29,6;28,2;19,7;17,6;56;50;56;;5,9;2,5;
2024/01/13;1500 UTC;0;974,4;974,8;974,4;3021,2;30,1;19;30,5;28,7;20,2;18,4;57;51;52;;5,9;2,4;
2024/01/13;1600 UTC;0;973,7;974,4;973,7;3580,5;31,3;20,2;31,6;30,1;21,7;18,5;57;49;52;;5,3;1,8;
2024/01/13;1700 UTC;0;972,7;973,7;972,7;3719,6;32,2;21,8;32,3;31;22,3;19,3;57;48;54;;5,3;1,6;
2024/01/13;1800 UTC;0;971,5;972,7;971,5;3472,6;33,1;21,5;33,3;32,1;22,6;20,2;57;47;51;;5,4;1,1;
2024/01/13;1900 UTC;0;970,8;971,5;970,8;2728,1;33,2;21,7;33,8;32,1;23,4;20,5;56;49;51;;4,4;1,2;
2024/01/13;2000 UTC;0;970,6;970,8;970,6;938,8;29,7;21,1;33,3;29,7;23,6;21,1;66;51;60;;8,8;3,3;
2024/01/13;2100 UTC;1,4;970,8;970,8;970,6;673;29,1;19,8;29,6;27,4;21,3;18,3;68;56;57;;10,1;0;
2024/01/13;2200 UTC;0;971,6;971,6;970,8;196,1;27,6;19,1;29,1;27,5;20,6;19;61;57;60;;6,1;1,9;
2024/01/13;2300 UTC;0;972,4;972,4;971,6;34,9;26,8;17,9;27,7;26,8;19,2;17,8;61;57;58;;3,8;1;
2024/01/14;0000 UTC;,8;973,2;973,2;972,3;;25,4;18,2;26,8;25,4;18,6;17,7;65;58;64;;3,8;,6;
2024/01/14;0100 UTC;,4;974,4;974,4;973,2;1,1;25,1;18;25,4;25,1;18,3;17,7;65;63;65;;3,2;1,3;
2024/01/14;0200 UTC;,2;974,9;975,1;974,2;;24,8;18,2;25,1;24,7;18,3;17,9;67;65;67;;4,9;,2;
2024/01/14;0300 UTC;0;975,3;975,3;974,7;;24,5;18,2;24,9;24,5;18,4;18,1;68;67;68;;3,5;1,3;
2024/01/14;0400 UTC;0;974,3;975,3;974,3;;24,1;18,2;24,5;24,1;18,2;17,7;70;66;70;;3;0;
2024/01/14;0500 UTC;0;974,3;974,7;974,2;;23,7;18,1;24,1;23,7;18,3;18;71;69;71;;4;1;
2024/01/14;0600 UTC;0;974,3;974,5;974,2;;23,9;18,3;24;23,7;18,3;18,1;71;70;71;;2,7;,5;
2024/01/14;0700 UTC;0;974,3;974,4;974,1;;23,9;18,5;24;23,8;18,6;18,2;72;71;72;;2,8;,2;
2024/01/14;0800 UTC;0;974,6;974,6;974,3;;24,2;19;24,2;23,9;19;18,5;73;72;73;;2,5;,1;
2024/01/14;0900 UTC;0;974,9;974,9;974,5;;24,1;18,9;24,2;24,1;19;18,9;73;72;73;;4,4;1,8;
2024/01/14;1000 UTC;0;975,5;975,5;974,9;64,6;24,3;19,3;24,3;24;19,3;18,9;74;73;74;;4,3;,5;
2024/01/14;1100 UTC;0;976,3;976,3;975,5;766,2;26,5;21,1;26,5;24,3;21,1;19,3;74;71;72;;5,4;2,1;
2024/01/14;1200 UTC;0;976,4;976,4;976,3;1640,9;28,4;21,8;28,4;26,5;22,2;20,6;73;67;67;;5,6;2;
2024/01/14;1300 UTC;0;976,6;976,6;976,4;2431,9;30,4;23,3;30,7;28,4;23,8;21,4;69;64;66;;6,6;3,3;
2024/01/14;1400 UTC;0;976,3;976,6;976,2;2870,8;31,5;23,7;31,9;29,8;25,1;22,8;70;61;63;;7,4;3,8;
2024/01/14;1500 UTC;0;975,9;976,3;975,9;3167,8;31,7;24,7;33;31;25,1;22,8;67;58;67;;7,4;2,5;
2024/01/14;1600 UTC;0;974,8;975,9;974,8;3412,8;31,8;23,4;33,2;31,7;25,5;23;67;56;61;;7,2;3,4;
2024/01/14;1700 UTC;0;974,1;974,8;974,1;3453;33,3;24,2;33,8;31,7;25,2;23;66;55;59;;7,6;3;
2024/01/14;1800 UTC;0;973;974,1;973;3350;33,2;23,6;33,7;32,5;24,9;20,8;62;48;57;;7,8;3,8;
2024/01/14;1900 UTC;0;973;973,2;973;1560,3;33,1;24;34,2;31,6;24,6;22,5;66;53;59;;6,6;2,5;
2024/01/14;2000 UTC;0;972,1;973,1;972,1;1406,3;33,3;23,1;33,5;30,8;24,6;21,9;68;52;55;;5,5;2,8;
2024/01/14;2100 UTC;0;971,8;972,2;971,8;1330,2;31,6;24,4;33,5;31,4;24,6;22,7;67;54;66;;5,4;2,9;
2024/01/14;2200 UTC;0;971,9;971,9;971,5;372,2;29,7;23,5;31,7;29,6;24,6;23,5;74;65;69;;8,5;3,2;
2024/01/14;2300 UTC;0;972,8;972,8;971,9;20,2;26,5;20,9;29,7;26,4;23,5;20,4;73;60;71;;8,5;1,7;
2024/01/15;0000 UTC;0;974,1;974,2;972,8;;26;20,8;26,5;26;21,1;20,5;74;70;73;;4,1;1,4;
2024/01/15;0100 UTC;0;974,8;975;974,1;;25,7;20,6;26,2;25,7;21,1;20,5;74;71;73;;2,9;1,4;
2024/01/15;0200 UTC;0;975,7;975,7;974,8;;25,4;20,7;25,7;25,1;21;20,6;77;73;75;;3,6;,4;
2024/01/15;0300 UTC;0;975,6;975,9;975,6;;25,7;20,4;25,9;25,4;21;20,2;77;71;73;;3,3;1,6;
2024/01/15;0400 UTC;0;975;975,6;975;;25,5;20,5;25,7;25,2;20,9;20,3;77;73;74;;3,2;1,1;
2024/01/15;0500 UTC;0;974,6;975;974,6;;25,7;20,1;25,7;25,5;20,8;20,1;74;72;72;;4,5;1,7;
2024/01/15;0600 UTC;0;974,2;974,6;974,2;;25,1;19,9;25,7;25;20,4;19,8;73;71;73;;4,5;2;
2024/01/15;0700 UTC;0;974,5;974,5;974,2;;24,9;19,6;25,1;24,9;20;19,5;74;71;72;;5,8;2,1;
2024/01/15;0800 UTC;0;974,5;974,6;974,4;;24,4;19,4;24,9;24,1;19,6;19,1;75;72;74;;4,7;2,1;
2024/01/15;0900 UTC;0;975,4;975,4;974,4;;24,2;19,4;24,4;24,2;19,4;19,2;75;73;74;;4,5;1,2;
2024/01/15;1000 UTC;0;976,2;976,2;975,4;91,5;24,6;17,6;24,7;24,2;19,5;17,5;74;65;65;;6,4;2,9;
2024/01/15;1100 UTC;0;976,4;976,4;976,1;588;26,3;22,4;26,3;24,6;22,4;17,5;80;64;79;;6,1;2,7;
2024/01/15;1200 UTC;0;976,8;976,9;976,4;1446,2;27,4;23,1;28;26,3;23,4;22,2;79;73;77;;6,4;2,2;
2024/01/15;1300 UTC;0;977,5;977,5;976,8;1291,1;28,3;23,7;28,4;27,4;23,8;22,9;77;74;76;;6;1,7;
2024/01/15;1400 UTC;0;977,7;977,7;977,5;1196,5;29,5;24,1;29,7;28,2;24,4;23,4;78;70;73;;4,4;1,9;
2024/01/15;1500 UTC;0;976,8;977,7;976,8;1387,2;30,7;24,1;30,7;29,2;24,5;23,4;73;68;68;;5,4;2,8;
2024/01/15;1600 UTC;15,4;976,6;976,8;975,7;719,4;24,4;17,9;30,6;24,3;23,9;16,9;79;59;67;;10;5;
2024/01/15;1700 UTC;3,8;975,7;976,7;975,5;257,6;24,7;16,7;24,7;23,9;18,6;16,6;69;61;61;;10,6;1,7;
2024/01/15;1800 UTC;0;974,8;975,7;974,8;358,1;25,2;16,4;25,2;24,7;16,8;16;61;58;58;;4,1;0;
2024/01/15;1900 UTC;0;974,9;975,2;974,7;770,6;25,6;14,7;25,7;25,2;16,5;14,5;59;51;51;;5,9;2,6;
2024/01/15;2000 UTC;0;974,1;974,9;973,8;767,3;26;16,1;26,1;25,6;16,2;13,5;55;46;54;;5,4;,6;
2024/01/15;2100 UTC;0;973,9;974,1;973,8;489,7;26,1;15,6;26,2;26;17,7;14,7;60;50;53;;2,2;0;
2024/01/15;2200 UTC;0;973,7;974;973,6;185,9;25,6;16,1;26,1;25,6;16,3;15,2;56;51;56;;1;0;
2024/01/15;2300 UTC;0;974,7;974,7;973,6;7,3;25,2;16,8;25,6;25,1;16,9;15,8;60;55;60;;2,7;,3;
2024/01/16;0000 UTC;0;974,8;974,9;974,7;;24,9;16,4;25,2;24,9;16,9;16,3;61;59;59;;2,5;,1;
2024/01/16;0100 UTC;0;975,4;975,4;974,7;;25,1;16,1;25,1;24,7;16,6;16;60;57;57;;2,7;,8;
2024/01/16;0200 UTC;0;975,6;975,6;975,2;;25;16;25,2;24,8;16,2;15,5;58;55;57;;3,2;,7;
2024/01/16;0300 UTC;0;975,3;975,8;975,3;;24,7;16,5;25;24,4;16,6;15,9;61;57;60;;2,6;,7;
2024/01/16;0400 UTC;0;974,2;975,3;974,2;;24,1;16,6;24,8;24,1;16,8;16,1;63;59;63;;2,2;,4;
2024/01/16;0500 UTC;0;973,7;974,2;973,7;;24,4;16,2;24,6;24,1;17;16,2;64;60;61;;2,4;1,1;
2024/01/16;0600 UTC;0;973,7;973,7;973,6;;24,5;16,5;24,5;24,4;16,6;16,2;62;60;61;;2,9;,7;
2024/01/16;0700 UTC;0;973,7;973,7;973,5;;24,5;16,4;24,7;24,4;16,5;16,3;61;60;60;;4,7;2,2;
2024/01/16;0800 UTC;0;973,8;974;973,7;;24,1;16,3;24,5;24,1;16,4;16,2;62;60;62;;5,3;,7;
2024/01/16;0900 UTC;0;974,3;974,3;973,8;;24,2;16,4;24,3;24;16,5;16,1;62;61;62;;4,3;2,4;
2024/01/16;1000 UTC;0;974,9;974,9;974,3;112,1;25,2;21,7;25,2;24;21,7;16,2;82;61;81;;4,5;1,2;
2024/01/16;1100 UTC;0;975,6;975,6;974,9;777,3;26,9;22,5;26,9;25,2;22,5;21,7;81;73;77;;4,3;2,6;
2024/01/16;1200 UTC;0;975,9;975,9;975,6;1659,2;28,2;23,7;28,3;26,9;24,2;22,3;80;75;77;;8,1;4,1;
2024/01/16;1300 UTC;0;975,4;975,9;975,4;2403,2;29,8;24,5;29,9;28,2;24,9;23,6;78;71;74;;7,3;4,4;
2024/01/16;1400 UTC;0;975,2;975,5;975,1;3040,5;31,6;25,8;31,6;29,8;25,8;23,8;75;68;71;;7,1;2,3;
2024/01/16;1500 UTC;0;974,4;975,2;974,4;3093,2;31,2;24,9;32,1;31,1;26,2;24,3;72;66;69;;7,6;3;
2024/01/16;1600 UTC;0;973,6;974,4;973,6;3673,8;32,6;24,9;32,7;31,1;26,5;23,8;72;60;64;;7,6;4;
2024/01/16;1700 UTC;0;972,6;973,6;972,6;3636,2;33,2;25,4;33,4;31,8;25,9;23,9;67;60;64;;8,1;3,6;
2024/01/16;1800 UTC;0;971,9;972,7;971,9;3408,9;33,5;25,1;33,7;32,8;25,7;23,4;65;57;62;;9,4;3,6;
2024/01/16;1900 UTC;0;971,4;972;971,4;2899,1;33,6;24,9;33,7;33,3;25,2;23,1;62;54;61;;8,8;3,5;
2024/01/16;2000 UTC;0;971,2;971,4;971,2;2227,6;34,1;24,3;34,1;33,5;25;22,3;61;51;57;;6,1;2,1;
2024/01/16;2100 UTC;0;971,1;971,4;971;1496,4;33,1;23,6;34,3;33,1;24,9;22,7;59;53;58;;5,2;2,5;
2024/01/16;2200 UTC;0;971,2;971,3;971;455,6;31,8;24,3;33,1;31,7;24,8;23,4;65;58;64;;4;,8;
2024/01/16;2300 UTC;0;971,8;971,8;971,2;30;30;23,7;31,9;29,9;25,1;23,4;71;64;69;;2,7;,6;
2024/01/17;0000 UTC;0;972,5;972,5;971,8;;28,3;23,3;30,1;28;24,2;23,2;76;69;74;;4,4;1,5;
2024/01/17;0100 UTC;0;973,1;973,1;972,5;;27,1;23,5;28,3;26,8;23,7;23,1;83;75;81;;3,7;1,6;
2024/01/17;0200 UTC;0;974;974;973,1;;25,3;23,4;27,4;25,3;23,5;22,9;89;79;89;;3,5;1,1;
2024/01/17;0300 UTC;0;974,8;974,8;974;;25;23,3;25,8;24,9;23,5;23,1;91;86;91;;2,6;1,4;
2024/01/17;0400 UTC;0;975,1;975,1;974,8;;25,7;23,5;26;24,9;23,7;23,3;91;86;88;;2,1;,2;
2024/01/17;0500 UTC;0;974,9;975,2;974,9;;26,1;23,3;26,1;25,3;23,7;23,3;91;85;85;;3,9;2,1;
2024/01/17;0600 UTC;0;974,2;974,9;974,1;;24,6;22,8;26,2;24,6;23,2;22,8;90;82;90;;4,5;1,4;
2024/01/17;0700 UTC;0;974,2;974,4;974,2;;24,1;22,7;24,6;24,1;22,9;22,7;92;90;92;;3,3;2;
2024/01/17;0800 UTC;0;974,2;974,3;974,1;;24,1;22,7;24,2;23,9;22,8;22,6;93;92;92;;3,7;1,9;
2024/01/17;0900 UTC;0;974,9;974,9;974,2;;23,9;22,5;24,2;23,8;22,7;22,4;92;91;92;;3,6;1,5;
2024/01/17;1000 UTC;0;976,3;976,3;974,9;137,6;25;23,3;25;23,8;23,3;22,4;93;90;91;;3,2;1;
2024/01/17;1100 UTC;0;977,1;977,1;976,3;434,7;26,4;23,8;26,4;24,9;23,9;23,1;91;85;86;;2,9;,8;
2024/01/17;1200 UTC;0;977,4;977,4;977,1;508,1;27,4;24,2;27,4;26,4;24,4;23,6;86;82;83;;3,7;1,4;
2024/01/17;1300 UTC;0;977,7;977,7;977,4;836;28,3;24,7;28,3;27,4;25;23,7;83;80;81;;4,5;1,7;
2024/01/17;1400 UTC;0;977,5;977,7;977,5;1459,3;30,3;25,3;30,3;28,3;25,5;24,6;82;73;75;;4,2;1,5;
2024/01/17;1500 UTC;0;977;977,5;977;2279,1;32,3;26,2;32,3;30,3;26,2;24,6;75;65;70;;4,9;2,6;
2024/01/17;1600 UTC;0;976,3;977;976,2;1841,7;30,8;25,2;32,5;30,8;26,6;24;72;64;72;;8,3;3,6;
2024/01/17;1700 UTC;5,8;975,5;976,5;975,5;945,9;27,9;23,9;30,8;26,7;26,2;23,2;85;71;79;;7,2;2,6;
2024/01/17;1800 UTC;0;973,9;975,5;973,9;1624,4;31,1;24,1;31,4;26,9;24,7;23;80;66;66;;5,6;,4;
2024/01/17;1900 UTC;0;973,2;973,9;973,2;2394,3;31,8;24,1;33,1;30,9;25,6;22,7;69;55;64;;6;2,3;
2024/01/17;2000 UTC;0;972,5;973,2;972,5;1422,9;31,3;23,9;33,1;30,8;24,9;23,4;67;58;65;;6,4;2,1;
2024/01/17;2100 UTC;0;972,6;972,6;972,5;588,7;30,5;24,8;31,4;30,5;25,4;24,2;74;65;72;;3,9;1,4;
2024/01/17;2200 UTC;0;972,6;972,7;972,6;297,4;29,4;24,7;30,5;29,4;25,7;24,7;77;72;76;;2,9;,4;
2024/01/17;2300 UTC;0;973;973;972,6;18;27,6;23,3;29,4;27,5;24,6;23,3;80;75;78;;2,7;,2;
2024/01/18;0000 UTC;0;973,6;973,6;972,9;;26,2;21,9;27,6;26,2;23,2;21,9;78;75;77;;2,5;,7;
2024/01/18;0100 UTC;0;974,1;974,1;973,5;;25,8;22;26,2;25,7;22,2;21,9;80;77;79;;2,5;,2;
2024/01/18;0200 UTC;0;974,4;974,5;974,1;;25,4;21,7;26,4;25,4;22,2;21,6;80;77;80;;2,4;,1;
2024/01/18;0300 UTC;0;974;974,4;974;;24,9;21,7;25,4;24,8;21,7;21,5;83;80;82;;3,3;1,1;
2024/01/18;0400 UTC;0;973,5;974,1;973,5;;24,9;22;25,1;24,9;22;21,6;84;82;84;;2,9;1,6;
2024/01/18;0500 UTC;0;973,3;973,5;973,2;;24,7;21,6;25;24,7;22;21,6;84;83;83;;3;,5;
2024/01/18;0600 UTC;0;973,5;973,6;973,3;;24,2;21,2;24,8;24,2;21,7;21,1;83;82;83;;2,6;,2;
2024/01/18;0700 UTC;0;973,1;973,5;973,1;;24,1;20,9;24,4;24,1;21,4;20,9;83;83;83;;1,7;0;
2024/01/18;0800 UTC;0;973,4;973,5;973,1;;23,5;20,7;24,1;23,5;21;20,6;84;83;84;;1;0;
2024/01/18;0900 UTC;0;974,2;974,2;973,4;;23,3;20,4;23,8;23,2;21,1;20,4;85;84;84;;2,3;1,3;
2024/01/18;1000 UTC;0;974,8;974,8;974,1;133,5;24,4;21,9;24,4;23,1;21,9;20,2;86;83;86;;2,3;0;
2024/01/18;1100 UTC;0;975,3;975,3;974,8;736,5;27;23,1;27;24,4;23,4;21,9;87;79;79;;4,7;2,6;
2024/01/18;1200 UTC;0;975,7;975,7;975,3;1546,5;29,2;23,6;29,3;27;24,1;22,8;80;71;72;;6,8;3,5;
2024/01/18;1300 UTC;0;975,9;975,9;975,7;2365,9;30,8;25;30,9;29,2;25,5;23,7;75;69;71;;8;4,4;
2024/01/18;1400 UTC;0;975,7;975,9;975,7;3042,1;31,8;24,4;32,2;30,7;26;24,3;72;65;65;;8,6;4,8;
2024/01/18;1500 UTC;0;975,1;975,7;975,1;3386,9;32,8;25,6;33,1;31,6;26,4;24,1;71;61;66;;8,3;3,3;
2024/01/18;1600 UTC;0;974,3;975,1;974,3;3693,8;33,7;24,6;33,7;32,5;26,4;24,1;68;58;59;;9,5;4,9;
2024/01/18;1700 UTC;0;973,6;974,3;973,6;3429,7;33,9;24,3;34,4;32,7;26,7;23,6;67;56;58;;9,3;4,5;
2024/01/18;1800 UTC;0;972,6;973,6;972,6;3287;34,4;24;34,5;32,9;25,9;23;63;52;55;;9,1;4,7;
2024/01/18;1900 UTC;0;971,8;972,7;971,8;2757,7;34,6;23,7;34,6;33,3;25,2;22,2;59;48;53;;8,6;4,5;
2024/01/18;2000 UTC;0;971,3;971,8;971,3;2007,3;34,2;22,3;34,8;33,2;24,1;21,5;55;48;50;;8,6;4,3;
2024/01/18;2100 UTC;0;971,2;971,3;971,1;1331,5;33,5;22,8;34,1;33,4;23,4;21,6;56;49;54;;8,1;2,6;
2024/01/18;2200 UTC;0;971,8;971,8;971,2;356,3;30,7;23,2;33,5;30,6;23,3;22,2;65;53;64;;6,2;2,4;
2024/01/18;2300 UTC;0;972,3;972,3;971,8;17,6;28,6;23,3;30,8;28,6;23,7;23;74;64;73;;4;,4;
2024/01/19;0000 UTC;0;972,7;972,7;972,2;;27,5;23,3;28,6;27,5;23,6;23,1;78;73;78;;2,1;,7;
2024/01/19;0100 UTC;0;973,5;973,5;972,6;;26,8;23,1;27,5;26,8;23,4;23;81;78;80;;1,7;0;
2024/01/19;0200 UTC;0;974,2;974,2;973,5;;26,7;23;27;26,6;23;22,7;81;78;80;;2,4;,4;
2024/01/19;0300 UTC;0;974;974,4;974;;25,8;23,2;27,4;25,6;23,4;22,6;86;77;86;;2,5;0;
2024/01/19;0400 UTC;0;973,8;974;973,8;;24,7;22,7;26,3;24,7;23,2;22,4;88;81;88;;2,2;,1;
2024/01/19;0500 UTC;0;973,5;973,9;973,5;;24,4;22,6;24,8;24,3;22,8;22,5;90;88;90;;2,4;1,2;
2024/01/19;0600 UTC;0;973,4;973,6;973,3;;24,5;22,6;24,5;24,3;22,6;22,5;90;89;89;;2,8;1,4;
2024/01/19;0700 UTC;0;973,5;973,5;973,4;;24,7;22,7;24,7;24,3;22,7;22,3;89;88;89;;2,8;1,6;
2024/01/19;0800 UTC;0;973,7;973,7;973,5;;24,5;22,7;24,8;24,5;22,7;22,6;90;88;90;;3,2;1,4;
2024/01/19;0900 UTC;0;974,1;974,1;973,7;;24,4;22,5;24,6;24,4;22,8;22,5;90;89;89;;4,2;2;
2024/01/19;1000 UTC;0;974,9;974,9;974;81,3;24,7;22,6;24,8;24,1;22,8;22,4;91;88;88;;3,9;1,9;
2024/01/19;1100 UTC;0;975,5;975,5;974,9;322,8;26,1;23,2;26,1;24,7;23,5;22,6;89;84;84;;3,1;1,3;
2024/01/19;1200 UTC;0;975,8;975,8;975,5;1061,8;28,4;24;28,4;26,1;24,4;23,2;84;77;77;;4,9;2,3;
2024/01/19;1300 UTC;0;975,9;975,9;975,8;1955,1;31,4;24,3;31,5;28,4;25,1;23,6;78;64;66;;9,8;5,5;
2024/01/19;1400 UTC;0;975,9;975,9;975,7;2521;31,6;24,4;32,2;31,3;25;22,6;68;59;66;;10;5,1;
2024/01/19;1500 UTC;0;975,4;975,9;975,3;3417,6;33,3;25,2;33,6;31,2;26,1;23,6;67;59;63;;10,8;6,1;
2024/01/19;1600 UTC;0;974,5;975,4;974,5;3833,7;34;24,1;34,1;33,3;25,7;23,5;63;56;57;;10,8;5,8;
2024/01/19;1700 UTC;0;972,9;974,5;972,9;3312;34;24,8;34,5;33,7;25,9;23,3;62;54;59;;10;5,1;
2024/01/19;1800 UTC;0;971,9;972,9;971,9;2110;34,1;24,3;34,3;33,6;25,1;23,1;61;53;57;;9,5;3,6;
2024/01/19;1900 UTC;0;971,2;971,9;971,2;1633,8;34,1;24,5;34,3;33,9;24,9;22,5;59;50;57;;7,4;2,6;
2024/01/19;2000 UTC;0;971;971,2;970,8;1173,1;33,6;25;34,2;33,5;25,1;23,3;61;53;61;;5,2;1,2;
2024/01/19;2100 UTC;0;971;971;970,7;753,7;30,1;23,7;34,1;30;26,4;23,3;69;57;69;;6,1;2,8;
2024/01/19;2200 UTC;0;971,5;971,5;970,9;390,6;29;24,4;30,1;29;24,5;23,7;76;69;76;;6,1;1,7;
2024/01/19;2300 UTC;0;972,4;972,4;971,5;17,5;27,8;24,1;28,9;27,8;24,6;24;80;76;80;;4,8;,8;
2024/01/20;0000 UTC;0;973;973;972,4;;27,2;23,2;27,9;27,2;24,1;23,2;81;78;79;;3,7;,6;
2024/01/20;0100 UTC;0;973,5;973,8;973;;27,4;21,9;27,4;26,7;23,3;21,9;81;72;72;;6,7;2,2;
2024/01/20;0200 UTC;0;974,1;974,2;973,5;;25,2;21,1;27,4;25,2;22;20,9;78;71;78;;5,9;1,6;
2024/01/20;0300 UTC;0;974,1;974,2;973,9;;25;20,8;25,2;24,7;21,3;20,7;81;77;77;;5,1;,7;
2024/01/20;0400 UTC;0;973,4;974,2;973,4;;24,6;21;25,1;24,5;21,1;20,7;81;77;80;;4,4;,4;
2024/01/20;0500 UTC;0;972,9;973,5;972,8;;24,7;21,5;24,7;24,4;21,5;21;82;80;82;;3;,3;
2024/01/20;0600 UTC;0;972,4;972,9;972,4;;24,8;21,8;25,1;24,6;21,9;21,5;84;82;84;;4,1;1,4;
2024/01/20;0700 UTC;0;972,2;972,5;972,1;;25;22,2;25;24,3;22,3;21,8;88;84;85;;3,6;1,2;
2024/01/20;0800 UTC;0;972;972,4;972;;24,7;22,1;25;24,4;22,3;22;87;84;86;;2,9;1,4;
2024/01/20;0900 UTC;0;972,4;972,4;972;;24,6;22,3;24,8;24,5;22,3;22,1;87;85;87;;3;,1;
2024/01/20;1000 UTC;0;973,2;973,2;972,4;46,3;24,8;22,5;24,9;24,6;22,5;22,3;88;86;87;;2,4;,6;
2024/01/20;1100 UTC;0;973,5;973,5;973,2;216;25,6;22,9;25,6;24,8;23;22,5;88;85;85;;3;1;
2024/01/20;1200 UTC;0;974,1;974,1;973,5;777,6;27,5;23,6;27,5;25,6;23,7;22,9;85;78;79;;4,5;2,6;
2024/01/20;1300 UTC;0;974,6;974,8;974,1;1333,3;28,2;23,4;28,8;27,5;24,2;23,2;79;73;75;;7,4;4,6;
2024/01/20;1400 UTC;0;974,5;974,8;974,5;1467,6;28,9;25;28,9;27,5;25,2;23,3;84;75;79;;7,8;3,3;
2024/01/20;1500 UTC;0;974,2;974,5;974,1;1425,5;29,3;24,7;29,3;28,2;25,3;23,7;80;75;76;;7,6;3,4;
2024/01/20;1600 UTC;0;973,5;974,2;973,5;2625,2;30,8;24,3;31,2;29,2;25,3;24;76;67;68;;7,2;3,6;
2024/01/20;1700 UTC;0;972,5;973,5;972,5;1611,6;31,1;24,6;31,2;30,6;25;23,2;70;64;68;;7,2;3,7;
2024/01/20;1800 UTC;0;971,8;972,5;971,8;2596;32,6;24,4;33;31,1;25,9;24,2;70;61;62;;7,8;4,5;
2024/01/20;1900 UTC;0;971,1;971,8;971,1;2467,8;33,4;23,6;33,5;32,2;25,6;23,3;66;56;57;;7,8;4,3;
2024/01/20;2000 UTC;0;971,6;971,6;970,7;500,8;25,5;22,2;33,4;25,5;24,5;20,9;82;56;82;;15,5;4,7;
2024/01/20;2100 UTC;0;970,6;971,6;970,5;777;28,3;22,3;28,6;25,2;23;21,9;85;69;70;;8,4;1,2;
2024/01/20;2200 UTC;0;971,4;971,4;970,5;287,1;26,7;22,7;28,5;26,7;23,2;22,3;78;69;78;;2,9;,9;
2024/01/20;2300 UTC;0;971,8;972,5;971,3;7,6;25,5;22,4;26,7;25,4;22,8;22,2;84;79;83;;5,3;,3;
2024/01/21;0000 UTC;0;972,9;972,9;971,8;;24,8;22,4;25,5;24,7;22,5;22,2;87;83;87;;3,5;,9;
2024/01/21;0100 UTC;0;973,9;973,9;972,9;;24,4;22,3;24,8;24,4;22,4;22,3;88;87;88;;3,5;0;
2024/01/21;0200 UTC;0;974,5;974,6;973,9;;24,1;22,1;24,4;24,1;22,3;22,1;89;88;88;;3,5;1,5;
2024/01/21;0300 UTC;0;974,3;974,5;973,8;;24;22,2;24,1;23,9;22,3;22,1;90;88;90;;4;,7;
2024/01/21;0400 UTC;15,6;975,8;975,8;974,2;2,7;20,8;20,5;24,4;20,8;22,4;19,8;98;84;98;;10,9;2,4;
2024/01/21;0500 UTC;3;973,9;975,8;973,9;;22,3;21,6;22,3;20,7;22,2;20,4;100;96;96;;6,1;2,5;
2024/01/21;0600 UTC;1,2;972,8;973,9;972,7;;22,7;20,9;22,9;22,3;22,4;20,9;99;89;89;;8,7;1,9;
2024/01/21;0700 UTC;0;972,6;972,9;972,6;;22,4;20,1;22,7;22,3;21;20,1;91;87;87;;3,9;0;
2024/01/21;0800 UTC;0;972,8;972,8;972,5;;22,2;20,7;22,5;22,1;20,8;20,1;91;87;91;;0;0;
2024/01/21;0900 UTC;,2;973,3;973,4;972,7;;21,7;19,1;22,2;21,7;20,9;19,1;92;85;85;;0;0;
2024/01/21;1000 UTC;0;974,1;974,1;973,3;114,3;22,5;19,5;22,5;21,5;20,5;19,1;91;83;84;;0;0;
2024/01/21;1100 UTC;0;974,5;974,6;974,1;619,2;24,4;21,3;24,4;22,4;21,3;19,6;84;82;83;;3,3;1,6;
2024/01/21;1200 UTC;0;974,9;974,9;974,4;952,6;25,7;19,8;25,7;24,4;21,3;19,6;83;70;70;;5,3;2,6;
2024/01/21;1300 UTC;0;975;975,2;974,9;1861,1;26,3;20,2;27,6;25,6;21,4;19,7;71;66;69;;5,1;2,8;
2024/01/21;1400 UTC;0;975;975,1;974,9;2795;29,9;22,4;30,3;26,3;23,3;20,5;72;60;64;;7,1;3,7;
2024/01/21;1500 UTC;,4;974,8;975,1;974,5;1310,4;25,9;20,2;30,5;25,9;23,4;19,7;74;60;71;;12,5;6,3;
2024/01/21;1600 UTC;4;975;975,2;974,7;725;25,9;20,6;25,9;24,8;21;19,9;79;70;72;;12,5;2,7;
2024/01/21;1700 UTC;0;974,1;975;974,1;2288,9;29,8;20,3;29,8;25,9;21,2;19,3;72;54;57;;8,7;5;
2024/01/21;1800 UTC;0;972,3;974,1;972,3;2608,5;30,4;20;30,7;28,9;23,4;18,3;72;51;54;;8,7;3,9;
2024/01/21;1900 UTC;0;972,1;972,3;972;2335,2;30;20,6;31,2;30;24,3;19,5;69;51;57;;7,8;3,3;
2024/01/21;2000 UTC;0;971,9;972,1;971,8;798,4;29,5;19,5;30,1;29,5;20,4;18,9;58;52;55;;5,8;,9;
2024/01/21;2100 UTC;0;971,8;971,9;971,4;284,3;28,1;20,2;29,5;28,1;20,2;18,6;62;52;62;;3;,4;
2024/01/21;2200 UTC;0;972,9;972,9;971,8;95,9;27,5;20;28,1;27,5;20,7;19,2;64;59;64;;2,9;1,7;
2024/01/21;2300 UTC;0;973,2;973,4;972,9;,6;27,6;20,4;28;27,4;20,7;19,9;66;63;65;;3,8;,3;
2024/01/22;0000 UTC;0;974,1;974,1;973,2;;25,8;18,6;27,6;25,7;20,7;18,6;67;63;65;;4,3;,7;
2024/01/22;0100 UTC;0;974,6;974,6;974,1;;25,4;19,1;25,7;25,1;19,3;18,3;70;64;69;;3,1;,6;
2024/01/22;0200 UTC;0;975,3;975,4;974,6;;24,2;20,8;25,4;24;20,8;19,2;82;68;81;;2,1;1;
2024/01/22;0300 UTC;0;974,8;975,3;974,8;;23,5;19,2;24,3;23,5;20,8;19,2;83;77;77;;2,1;,2;
2024/01/22;0400 UTC;0;974,9;975;974,6;;23,2;19,1;23,5;23;19,6;19,1;81;77;78;;2,8;1,8;
2024/01/22;0500 UTC;0;973,6;974,9;973,5;;23,2;19,1;23,2;22,9;19,2;18,7;79;77;78;;2,8;0;
2024/01/22;0600 UTC;0;972,6;973,6;972,6;;22,6;18,8;23,2;22,2;19;18,1;79;76;79;;1,9;,1;
2024/01/22;0700 UTC;0;972,9;972,9;972,6;;22,3;18,5;22,6;22,2;18,8;18,2;79;78;79;;1;0;
2024/01/22;0800 UTC;0;973,8;973,8;972,9;;21,8;18,2;22,4;21,8;18,6;18,1;80;79;80;;1,1;0;
2024/01/22;0900 UTC;0;974,2;974,3;973,8;;21,9;18;22,1;21,7;18,6;18;81;78;78;;1,7;,2;
2024/01/22;1000 UTC;0;974,8;974,8;974,2;72,5;22,9;19,1;22,9;21,9;19,1;18;79;77;79;;1,2;0;
2024/01/22;1100 UTC;0;974,8;975,1;974,8;144,1;23,5;19,5;23,5;22,9;19,5;19;80;77;79;;1,6;,2;
2024/01/22;1200 UTC;0;975,2;975,2;974,8;644,3;25;20,7;25,1;23,5;21,2;19,6;83;77;77;;2,7;,1;
2024/01/22;1300 UTC;0;975,4;975,5;974,9;772,7;25,7;21;26;25;21,7;20,6;78;75;75;;2,7;0;
2024/01/22;1400 UTC;1,6;974,7;975,8;974,7;1150,3;25,3;19,9;25,8;24;21,5;19,3;78;72;72;;4,4;1;
2024/01/22;1500 UTC;0;975,2;975,2;974,5;1614,1;26,6;21,4;27;25,3;21,8;19,3;80;66;73;;3,3;1;
2024/01/22;1600 UTC;0;975,1;975,3;975;916,2;26,8;22;27;26,5;22,2;21,1;75;72;75;;4;1,9;
2024/01/22;1700 UTC;0;974,3;975,1;974,2;859,8;27,3;22,2;27,6;26,8;22,9;21,6;76;72;74;;3,8;,4;
2024/01/22;1800 UTC;0;973,5;974,3;973,5;476,7;26,1;22,3;27,4;25,9;23;21,4;80;73;79;;3,9;1,4;
2024/01/22;1900 UTC;0;973,6;973,6;973,3;665,5;26,3;22,3;26,7;26;22,8;21,8;80;77;79;;4;2,1;
2024/01/22;2000 UTC;0;973,7;973,8;973,5;969;27,7;21,5;28,3;26,2;22,7;21,5;79;69;69;;4;1,7;
2024/01/22;2100 UTC;0;973,7;973,8;973,6;774,3;27,9;22,1;28,1;27,6;22,7;21,6;73;69;71;;5,3;2,2;
2024/01/22;2200 UTC;0;974,3;974,4;973,7;198,1;26,1;22,7;27,9;26,1;22,7;21,4;82;70;82;;4,4;,1;
2024/01/22;2300 UTC;0;973,8;974,5;973,8;9,7;23,8;20,9;26,1;23,8;22,8;20,8;83;78;83;;5,4;,1;
2024/01/23;0000 UTC;0;973,7;973,8;973,5;;23,6;21,3;23,8;23,6;21,3;20,9;87;84;87;;2;0;
2024/01/23;0100 UTC;0;973,7;973,9;973,7;;23,2;21,1;23,6;23,2;21,3;21,1;89;87;88;;1,9;,2;
2024/01/23;0200 UTC;0;973,5;973,8;973,5;;22,6;21;23,2;22,6;21,1;21;91;88;91;;2,3;,1;
2024/01/23;0300 UTC;0;973,8;973,8;973,5;;22,4;21,1;22,6;22,4;21,2;21;93;91;93;;2,1;0;
2024/01/23;0400 UTC;0;973,8;973,9;973,6;;22,4;21,2;22,4;22,1;21,2;20,9;93;93;93;;,7;0;
2024/01/23;0500 UTC;0;973,6;973,8;973,5;;22,6;21,2;22,6;22,2;21,2;21;93;92;92;;1,2;0;
2024/01/23;0600 UTC;0;973,5;973,6;973,2;;22,3;20,6;22,6;22,3;21,1;20,6;92;90;90;;3,3;,3;
2024/01/23;0700 UTC;0;973,8;973,8;973,5;;22;20,1;22,3;22;20,6;20,1;90;89;89;;2,6;,4;
2024/01/23;0800 UTC;0;973,4;973,9;973,4;;21,5;19,7;22;21,5;20,1;19,7;89;88;89;;2,3;,4;
2024/01/23;0900 UTC;0;973,7;973,7;973,4;;21,5;19,6;21,6;21,3;19,8;19,5;90;89;89;;2;0;
2024/01/23;1000 UTC;0;974,2;974,2;973,7;43,3;21,7;19,6;21,8;21,5;19,8;19,5;89;88;88;;2,4;,3;
2024/01/23;1100 UTC;0;974,8;974,8;974,2;238,2;22,4;20,2;22,4;21,7;20,2;19,6;88;87;87;;3,4;1,7;
2024/01/23;1200 UTC;0;975;975;974,8;703,3;22,7;20,2;23;22,2;20,4;19,8;87;84;86;;3,4;,3;
2024/01/23;1300 UTC;0;975,2;975,2;974,9;737,7;23,6;20,1;23,9;22,5;20,6;19,8;87;80;81;;2,1;,1;
2024/01/23;1400 UTC;0;975;975,2;975;1399,2;25,4;20,4;25,4;23,4;21,7;20;83;73;74;;1,8;0;
2024/01/23;1500 UTC;0;974,6;975;974,6;1556,6;26,2;20,4;26,4;25,4;21,1;20;76;70;70;;3;,2;
2024/01/23;1600 UTC;0;974,2;974,6;974,2;1894,6;27,2;21,3;27,2;26,1;21,5;19,7;74;67;70;;3,3;,6;
2024/01/23;1700 UTC;0;973,3;974,2;973,3;3208,9;29,2;21,7;29,2;26,9;22,2;19,9;70;60;64;;4,6;2,2;
2024/01/23;1800 UTC;0;972,5;973,3;972,5;2492,6;27,8;21,2;29,2;27,4;23,1;20,4;72;61;67;;5,3;1,5;
2024/01/23;1900 UTC;0;971,9;972,5;971,9;1538,3;27,6;21,3;28,3;27,6;22;20,8;70;66;69;;5,5;2,8;
2024/01/23;2000 UTC;0;971,3;971,9;971,2;1972,7;28;20,4;28,5;27,5;21,7;20,3;70;62;64;;6,2;3,1;
2024/01/23;2100 UTC;0;971;971,3;971;957,5;27,5;20,4;28,1;27,2;21,7;19,8;71;62;65;;8,1;3,5;
2024/01/23;2200 UTC;0;971,3;971,3;971;382,6;25,4;19,9;27,5;25,4;20,1;19,7;72;64;72;;8,9;3,2;
2024/01/23;2300 UTC;0;972,1;972,1;971,3;13,7;23,6;19,8;25,4;23,6;20,1;19,8;79;72;79;;6,6;1,9;
2024/01/24;0000 UTC;0;972,9;972,9;972,1;;22,5;20,1;23,7;22,5;20,2;19,5;86;78;86;;6,9;2,3;
2024/01/24;0100 UTC;0;973,3;973,3;972,9;;21,9;19,9;22,5;21,9;20,1;19,9;89;86;88;;5;1,9;
2024/01/24;0200 UTC;0;973,8;973,9;973,3;;21,5;19,8;21,9;21,5;19,9;19,6;90;88;90;;4,7;,4;
2024/01/24;0300 UTC;0;973,7;974,1;973,7;;21,2;19,7;21,5;21,2;19,8;19,7;91;90;91;;2,8;,1;
2024/01/24;0400 UTC;0;973,3;973,8;973,3;;21,4;19,8;21,5;21,2;19,9;19,7;92;90;91;;3,1;1,3;
2024/01/24;0500 UTC;0;972,8;973,3;972,7;;21,3;20;21,4;21,2;20;19,8;93;91;92;;3,1;,5;
2024/01/24;0600 UTC;0;972,6;972,9;972,6;;21,2;19,9;21,3;21,2;20,1;19,9;92;92;92;;2;,2;
2024/01/24;0700 UTC;0;972,8;972,8;972,5;;20,9;19,9;21,2;20,8;19,9;19,8;94;92;94;;2,6;,5;
2024/01/24;0800 UTC;0;972,9;972,9;972,8;;21;19,9;21;20,9;20;19,8;94;94;94;;3,1;1,5;
2024/01/24;0900 UTC;0;973,6;973,6;972,9;;20,9;19,9;21;20,9;20;19,8;94;94;94;;3,1;,2;
2024/01/24;1000 UTC;0;974,2;974,2;973,6;63;21,2;20,2;21,2;20,9;20,2;19,8;94;94;94;;3,6;1,9;
2024/01/24;1100 UTC;0;974,8;974,8;974,2;319,5;22,1;20,2;22,1;21,2;20,4;20,2;94;89;89;;4,2;2;
2024/01/24;1200 UTC;0;975;975,1;974,8;700,1;23,2;18,7;23,3;22;20,2;18,7;89;76;76;;5,6;1,5;
2024/01/24;1300 UTC;0;974,9;975;974,9;927;23,8;20,1;23,8;23,1;20,5;18,6;83;75;79;;5;1,7;
2024/01/24;1400 UTC;0;974,7;974,9;974,7;1408,5;24,7;20,6;24,8;23,7;20,6;19,6;80;75;78;;4;1,6;
2024/01/24;1500 UTC;0;974,6;974,7;974,6;2481,4;25,2;20,2;26,1;24,7;21,1;19,5;78;69;74;;4,6;1,4;
2024/01/24;1600 UTC;0;974,2;974,6;974,2;3665,4;27,2;20,6;27,6;25,1;21,7;19,5;76;66;67;;4,4;1,7;
2024/01/24;1700 UTC;0;973,7;974,2;973,7;3796,5;27,5;19,7;28,1;26,4;21,3;19,3;70;61;63;;6,1;2,3;
2024/01/24;1800 UTC;0;973,2;973,7;973,2;2967,4;27,7;20;28,6;27;21,2;19,2;66;60;63;;5,9;2,8;
2024/01/24;1900 UTC;0;972,7;973,2;972,6;2131,3;27,9;20,2;28;26,9;20,7;19,4;67;62;63;;5,9;2,4;
2024/01/24;2000 UTC;0;972,2;972,7;972,2;2039,7;27,4;19,6;28,1;27,4;20,8;19,4;65;60;62;;5,2;2,4;
2024/01/24;2100 UTC;0;971,7;972,1;971,7;1403,3;27,9;19,6;28,3;27,3;20,2;19;64;58;61;;5,1;1,5;
2024/01/24;2200 UTC;0;972;972;971,7;358,4;26,3;20,1;27,9;26,3;20,1;19,1;69;59;69;;4,9;1,2;
2024/01/24;2300 UTC;0;972,4;972,4;972;15;24,5;19,9;26,3;24,5;20,1;19,9;76;68;76;;3,3;0;
2024/01/25;0000 UTC;0;972,7;972,7;972,4;;21,5;20;24,5;21,5;20;19,7;91;76;91;;1,6;0;
2024/01/25;0100 UTC;0;973,6;973,6;972,8;;21,1;20,2;21,5;21,1;20,7;19,7;95;91;95;;0;0;
2024/01/25;0200 UTC;0;973,9;973,9;973,6;;20,5;20;21,1;20,4;20,4;19,8;97;95;97;;0;0;
2024/01/25;0300 UTC;0;973,6;974;973,6;;19,5;19,2;20,6;19,5;20,2;19,2;98;97;98;;1;0;
2024/01/25;0400 UTC;0;973,3;973,6;973,3;;19,1;18,9;19,7;19,1;19,5;18,9;99;98;99;;0;0;
2024/01/25;0500 UTC;0;972,9;973,3;972,9;;18,9;18,7;19,4;18,8;19,2;18,6;99;99;99;;0;0;
2024/01/25;0600 UTC;0;972,9;973;972,8;;19,3;19,1;19,5;18,9;19,4;18,8;99;99;99;;0;0;
2024/01/25;0700 UTC;0;972,7;972,9;972,7;;19,3;18,7;20;19,2;19,8;18,7;99;96;96;;2,1;0;
2024/01/25;0800 UTC;0;972,9;972,9;972,7;;18,8;18,5;19,3;18,6;18,7;18,3;98;96;98;;0;0;
2024/01/25;0900 UTC;0;973,5;973,6;972,9;;19;18,7;19,2;18,5;18,9;18,2;99;98;98;;0;0;
2024/01/25;1000 UTC;0;974,3;974,3;973,5;104,8;19,6;19,1;19,6;18,8;19,1;18,5;98;97;97;;2,6;,7;
2024/01/25;1100 UTC;0;974,8;974,8;974,3;730;21;18,6;21,2;19,6;19,3;18,3;97;86;86;;3,3;1,1;
2024/01/25;1200 UTC;0;975,3;975,3;974,8;1586,4;22,7;18,9;23,4;21;19,7;18,2;87;77;79;;4;1,7;
2024/01/25;1300 UTC;0;975,4;975,4;975,2;2384,1;24,3;19,2;24,3;22,7;19,2;18,2;79;71;73;;4,9;1,6;
2024/01/25;1400 UTC;0;975,2;975,4;975,2;3061,9;25,5;18,7;26,4;24,1;20;18,3;73;65;66;;4;1;
2024/01/25;1500 UTC;0;974,7;975,3;974,7;3507,9;27;19,3;27,6;25,3;20,4;18,5;70;60;63;;3,8;1,3;
2024/01/25;1600 UTC;0;974,1;974,7;974,1;3648,4;28,7;19,1;29,3;27;21,1;18,5;66;56;56;;4,3;,9;
2024/01/25;1700 UTC;0;973,7;974,1;973,7;3643,2;29,4;18,8;29,6;27,9;20,5;18,2;61;52;53;;4,7;1,6;
2024/01/25;1800 UTC;0;973,1;973,7;973,1;3613,3;30;18,7;30,5;29;20,2;17,5;57;48;51;;5;1,7;
2024/01/25;1900 UTC;0;972,5;973,2;972,5;1986;28,8;16,9;30,7;28,8;19,5;16,7;52;47;48;;5,5;1,9;
2024/01/25;2000 UTC;0;971,9;972,5;971,9;2170,2;29,9;16,4;30,4;28,8;18,4;15,7;50;42;44;;5,7;2,6;
2024/01/25;2100 UTC;0;971,8;971,9;971,7;1406,9;29,6;16,1;30,1;29,6;17;14,9;47;39;44;;5,2;1,8;
2024/01/25;2200 UTC;0;972,2;972,2;971,8;352,6;27,5;18,2;29,6;27,5;18,2;16;57;44;57;;4;,5;
2024/01/25;2300 UTC;0;973;973;972,2;12,8;24,8;18,4;27,6;24,8;18,4;17,9;68;56;68;;3,9;,2;
2024/01/26;0000 UTC;0;973,8;973,8;973;;23,4;18,7;24,8;23,4;18,9;18,4;75;68;75;;2,5;,1;
2024/01/26;0100 UTC;0;974,5;974,5;973,8;;22,8;18,6;23,5;22,2;18,8;18,5;80;75;77;;2,2;,3;
2024/01/26;0200 UTC;0;975,3;975,3;974,5;;22,2;18,5;22,8;21,3;18,6;18,2;83;77;80;;2,2;,2;
2024/01/26;0300 UTC;0;975,5;975,6;975,3;;20,7;18;22,2;20,7;18,5;18;85;79;85;;3,6;,5;
2024/01/26;0400 UTC;0;975,1;975,5;975,1;;20;17,9;20,7;20;18,1;17,9;88;85;88;;2,6;,5;
2024/01/26;0500 UTC;0;974,6;975,1;974,6;;19,5;17,7;20;19,4;18;17,6;90;88;90;;2,3;0;
2024/01/26;0600 UTC;0;974,7;974,7;974,5;;18,6;17,6;19,5;18,6;17,9;17,4;94;90;94;;1,8;,2;
2024/01/26;0700 UTC;0;974,9;974,9;974,7;;18,1;17,4;18,7;18;17,6;17,3;96;94;96;;2,5;0;
2024/01/26;0800 UTC;0;975,1;975,1;974,9;;17,7;17,2;18,2;17,6;17,5;17,1;97;96;97;;2;0;
2024/01/26;0900 UTC;0;975,7;975,7;975,1;;17,6;17,1;18;17,6;17,5;17,1;97;97;97;;2,4;,5;
2024/01/26;1000 UTC;0;976,2;976,2;975,7;103,3;18,5;17,7;18,5;17,4;17,8;17;98;95;95;;2;,3;
2024/01/26;1100 UTC;0;976,8;976,8;976,2;712,5;20,4;18;20,4;18,5;18,4;17,5;95;86;86;;2,7;1;
2024/01/26;1200 UTC;0;977,1;977,2;976,8;1596,9;22,8;17,3;22,8;20,3;19;16,5;87;69;71;;6;2,9;
2024/01/26;1300 UTC;0;977;977,1;977;2384,8;23,7;17,6;23,8;22,7;17,6;16,3;71;65;69;;6,6;2,2;
2024/01/26;1400 UTC;0;976,7;977;976,7;3056,1;25,3;16,6;25,7;23,8;18,6;16,6;70;59;59;;6,1;2,7;
2024/01/26;1500 UTC;0;976,2;976,7;976,2;3571,8;26,6;17,7;26,9;24,9;18,9;16,7;63;56;58;;6,1;2,2;
2024/01/26;1600 UTC;0;975,6;976,2;975,5;3821,2;27,6;17,3;27,7;26;19;16,7;60;53;53;;5,7;1,4;
2024/01/26;1700 UTC;0;974,8;975,6;974,7;3499,8;27,6;17,2;28,8;27,2;18,9;16,9;58;50;53;;4,7;1,7;
2024/01/26;1800 UTC;0;973,9;974,8;973,9;3579,3;28,8;17;29,5;27,5;18,9;16;56;46;49;;5,1;1,1;
2024/01/26;1900 UTC;0;973,4;974;973,4;2517,3;29,4;16,9;29,9;28;19;16,1;55;46;47;;5,3;2;
2024/01/26;2000 UTC;0;972,8;973,4;972,8;2239,1;29,6;16,1;29,9;28,8;17,1;15,1;48;42;44;;6,8;1,8;
2024/01/26;2100 UTC;0;972,6;972,8;972,6;1358;28,7;16,9;29,6;28,7;16,9;15,1;49;43;49;;5,4;2,7;
2024/01/26;2200 UTC;0;972,8;972,8;972,6;351,6;26,6;16,7;28,7;26,6;17,4;15,9;54;47;54;;5,4;2;
2024/01/26;2300 UTC;0;973,3;973,3;972,8;13,7;24,5;17,5;26,6;24,5;17,6;16,7;65;54;65;;4;,1;
2024/01/27;0000 UTC;0;973,8;973,8;973,3;;23,2;17,3;24,5;22,7;17,5;17,2;71;65;69;;1,8;,1;
2024/01/27;0100 UTC;0;974,6;974,6;973,9;;22,1;17,2;23;21,8;17,4;17,1;75;70;74;;1,5;0;
2024/01/27;0200 UTC;0;975;975;974,6;;21,3;17;22,1;20,9;17,2;16,9;78;74;76;;1,8;,1;
2024/01/27;0300 UTC;0;974,9;975,1;974,9;;19,6;16,3;21,3;19,6;16,9;16,3;81;76;81;;1,8;0;
2024/01/27;0400 UTC;0;974,7;974,9;974,7;;18;16,1;19,6;17,9;16,7;16;89;81;89;;0;0;
2024/01/27;0500 UTC;0;974,1;974,7;974,1;;17,4;16,1;18,2;17,4;16,8;16,1;92;89;92;;1,5;0;
2024/01/27;0600 UTC;0;974;974,1;974;;17,4;16,4;17,6;17,3;16,6;16;94;92;94;;0;0;
2024/01/27;0700 UTC;0;974,2;974,2;974;;17,2;16,3;17,6;16,8;16,6;15,8;95;94;95;;0;0;
2024/01/27;0800 UTC;0;974,4;974,5;974,1;;17,1;16,1;17,5;17;16,6;16;95;94;94;;,4;0;
2024/01/27;0900 UTC;0;974,7;974,8;974,4;;17,5;16,5;17,5;17;16,5;16,1;94;94;94;;0;0;
2024/01/27;1000 UTC;0;975,1;975,1;974,7;108;19,1;18,1;19,1;17,4;18,1;16,4;94;93;94;;,9;0;
2024/01/27;1100 UTC;0;975,9;975,9;975,1;612,5;20,2;17,7;20,5;19,1;18,3;17,3;94;84;86;;1,9;0;
2024/01/27;1200 UTC;0;976,3;976,3;975,9;1639,7;23,6;18,2;23,6;20,1;19,2;17,5;87;71;72;;5,4;2,1;
2024/01/27;1300 UTC;0;976,1;976,3;976,1;2372,1;25,2;19,1;25,2;23,5;19,3;17,8;73;68;69;;6,3;1,7;
2024/01/27;1400 UTC;0;975,8;976,1;975,7;2819;27;19,4;27,2;24,9;20,3;18,3;70;61;63;;4,4;,9;
2024/01/27;1500 UTC;0;975,1;975,8;975,1;3593,1;28,4;17,2;28,8;26,9;20,2;16,2;63;48;51;;5,4;1,3;
2024/01/27;1600 UTC;0;974,5;975,1;974,5;3804,5;29,6;17,5;29,9;28,2;18,9;15,7;55;44;48;;4,9;1;
2024/01/27;1700 UTC;0;973,6;974,5;973,6;3654,2;30,8;16,3;31,2;29,3;18,4;14,7;50;38;42;;4;,5;
2024/01/27;1800 UTC;0;973,1;973,6;973,1;1048;25,9;18,5;30,8;25,9;18,5;14,6;64;39;64;;7,8;4,4;
2024/01/27;1900 UTC;0;972;973,1;972;1559,9;30;15,4;30,1;25,2;19,2;14,3;69;39;41;;7,8;1,4;
2024/01/27;2000 UTC;0;971,7;972;971,7;2205,7;29,4;18,2;30,2;28,8;18,5;15,4;53;41;51;;5;1,6;
2024/01/27;2100 UTC;0;971,5;971,7;971,5;1391,4;29,1;17,7;29,6;28,6;18,5;17;54;48;50;;3,9;,4;
2024/01/27;2200 UTC;0;971,7;971,7;971,4;347,9;28;17,5;29,5;27,9;17,9;14,8;53;42;53;;2,5;0;
2024/01/27;2300 UTC;0;972,3;972,4;971,7;11,9;25,3;18,6;28;25,3;18,9;16,6;67;51;67;;1,3;0;
2024/01/28;0000 UTC;0;972,9;972,9;972,3;;24,6;17,6;25,3;23,4;19,3;17,6;78;65;65;;3,1;1,3;
2024/01/28;0100 UTC;0;973,6;973,6;972,9;;22,5;18,6;24,6;22,5;18,6;17,6;78;65;78;;3,3;0;
2024/01/28;0200 UTC;0;974;974;973,6;;21,9;18,1;23,3;21,9;18,8;18;80;73;79;;4,4;0;
2024/01/28;0300 UTC;0;974,1;974,1;973,9;;20,9;18,1;21,9;20,9;18,4;17,9;84;79;84;;2,9;,2;
2024/01/28;0400 UTC;0;974;974,1;973,9;;20,1;18;20,9;19,8;18,2;17,6;88;84;88;;1,3;0;
2024/01/28;0500 UTC;0;974;974,2;973,9;;20,5;17,8;20,9;19,9;18,2;17,6;88;84;85;;4;0;
2024/01/28;0600 UTC;0;973,9;974;973,8;;19,5;17,7;20,5;19,5;18;17,7;89;85;89;;0;0;
2024/01/28;0700 UTC;0;974,2;974,2;973,9;;18,3;17,1;19,5;18,3;17,8;17,1;93;89;93;;0;0;
2024/01/28;0800 UTC;0;974,1;974,2;974,1;;17,6;16,6;18,3;17,6;17;16,5;94;93;94;;,9;0;
2024/01/28;0900 UTC;0;974,4;974,4;974;;17,2;16,3;17,7;17,1;16,8;16,2;95;94;95;;0;0;
2024/01/28;1000 UTC;0;975,1;975,1;974,4;66,5;18,1;17,3;18,1;17;17,3;16,1;95;95;95;;0;0;
2024/01/28;1100 UTC;0;975,4;975,4;975,1;679,7;22;18,8;22;18;19,4;17,2;95;82;82;;1,9;0;
2024/01/28;1200 UTC;0;975,5;975,6;975,3;1561,1;25,1;18,3;25,1;22;19,4;18;82;65;66;;1,4;0;
2024/01/28;1300 UTC;0;975,7;975,8;975,5;2351,6;27,3;18,7;27,3;25,1;19,2;17,8;67;59;59;;2,6;,3;
2024/01/28;1400 UTC;0;975,3;975,7;975,3;2982,4;29,4;18,1;29,6;27,1;19,5;18;62;50;51;;3,3;,6;
2024/01/28;1500 UTC;0;974,7;975,3;974,7;3517;31,2;18,9;31,2;29,4;19,9;17,8;54;48;48;;5,5;1,6;
2024/01/28;1600 UTC;0;974,2;974,8;974,1;3928,6;32,1;14,5;32,4;30,7;19,8;14,5;50;35;35;;6,4;1,7;
2024/01/28;1700 UTC;0;973,4;974,2;973,4;3584,2;32,2;16,8;33;31,4;18,1;13,8;44;31;40;;7;1,6;
2024/01/28;1800 UTC;0;972,5;973,4;972,5;3329,4;31,8;14;33,4;31,7;17,9;13,4;42;31;34;;6,4;2,2;
2024/01/28;1900 UTC;0;971,8;972,5;971,5;2173,2;33,8;12;34,1;31,1;17,9;12;46;27;27;;12,7;2,7;
2024/01/28;2000 UTC;0;971,3;971,8;971,3;2283;33,7;13,2;34,2;33,5;14,1;11,3;30;25;29;;6,7;2,1;
2024/01/28;2100 UTC;0;971,1;971,3;971,1;1363;32,9;13,2;34,2;32,9;14,6;12,2;32;27;30;;4,7;2,4;
2024/01/28;2200 UTC;0;971,2;971,2;971;339,4;30,4;17,8;33;30,4;17,8;12,2;47;28;47;;4,6;0;
2024/01/28;2300 UTC;0;971,9;971,9;971,2;7,4;25,8;16,3;30,4;25,6;19,9;14,9;62;45;56;;0;0;
2024/01/29;0000 UTC;0;972,6;972,6;971,9;;22,7;20;25,8;22,7;20,3;15,6;85;55;85;;1,9;,5;
2024/01/29;0100 UTC;0;973,3;973,3;972,6;;21,1;17,3;22,7;20,9;19,9;17,3;85;79;79;;2,1;,3;
2024/01/29;0200 UTC;0;973,9;973,9;973,3;;20,4;17,6;21,4;20,2;17,9;17,1;85;77;84;;2,8;1,4;
2024/01/29;0300 UTC;0;973,7;974;973,7;;20,5;17,2;21,2;20,2;17,8;17;85;80;82;;2,8;,1;
2024/01/29;0400 UTC;0;973,8;973,9;973,6;;19,9;17,2;20,8;18,7;17,6;15,9;88;79;85;;2,4;,2;
2024/01/29;0500 UTC;0;973,8;973,9;973,7;;18,1;16,5;20,1;17,9;17,2;16,2;91;83;91;;3,2;0;
2024/01/29;0600 UTC;0;973,6;973,8;973,6;;17;15,8;18,1;17;16,5;15,6;93;89;93;;2,1;1,3;
2024/01/29;0700 UTC;0;973,9;973,9;973,6;;16,6;15,1;17,5;16,6;16,3;15,1;93;91;91;;2,3;,1;
2024/01/29;0800 UTC;0;974;974;973,8;;16;14,6;17,1;16;15,5;14,4;91;89;91;;1,5;,2;
2024/01/29;0900 UTC;0;974,2;974,2;974;;16;14,9;16;15,6;14,9;14,3;94;91;94;;1,9;0;
2024/01/29;1000 UTC;0;974,9;974,9;974,1;90,4;17,6;16,1;17,6;15,9;16,1;14,8;94;90;91;;2;0;
2024/01/29;1100 UTC;0;975,8;975,8;974,9;678;20,2;17,3;20,2;17,6;17,5;16;91;82;83;;2,6;,4;
2024/01/29;1200 UTC;0;976,2;976,2;975,8;1564,1;23,9;18,6;23,9;20,2;18,8;17;84;71;73;;2,9;,3;
2024/01/29;1300 UTC;0;976,5;976,5;976,2;2365,4;27,1;18,3;27,2;23,7;19,2;18;72;59;59;;5;2,7;
2024/01/29;1400 UTC;0;976,5;976,5;976,4;3015,6;30,5;19,7;30,5;27;19,9;18,1;60;50;52;;4,8;1,9;
2024/01/29;1500 UTC;0;976;976,5;976;3528,3;32,6;17,3;32,7;30,4;20,3;16,5;54;39;40;;6,3;2,5;
2024/01/29;1600 UTC;0;975,3;976;975,3;3240,7;34,7;14,2;34,8;32,3;18,3;13,2;43;27;29;;7,3;3,3;
2024/01/29;1700 UTC;0;974,6;975,3;974,6;3820,9;34,5;13,4;35,1;33,9;15,3;12,3;33;26;28;;8;3,1;
2024/01/29;1800 UTC;0;973,6;974,6;973,6;3435,7;35,6;14,9;35,6;34,4;15,2;11,9;31;25;29;;6,7;2,9;
2024/01/29;1900 UTC;0;972,7;973,6;972,7;2559,5;35,5;14,5;35,9;33,1;17,2;12,4;39;25;29;;6,6;1,5;
2024/01/29;2000 UTC;0;972;972,7;971,9;2242,8;35,7;13,1;36;35,4;15,2;11,9;30;23;26;;6,3;2,2;
2024/01/29;2100 UTC;0;971,7;972;971,7;1298,9;34,8;14,2;35,7;34,7;15,5;12,4;32;25;29;;5,5;2,2;
2024/01/29;2200 UTC;0;971,9;971,9;971,6;303,5;29,8;18,4;34,8;29,8;18,6;13,2;50;27;50;;4,2;1,1;
2024/01/29;2300 UTC;0;972,4;972,4;971,9;6,6;25,9;19,4;29,8;25,9;19,4;17,8;67;49;67;;2,1;,4;
2024/01/30;0000 UTC;0;973;973;972,4;;24;18,6;25,9;23,9;19,7;18,6;75;67;72;;2,1;,9;
2024/01/30;0100 UTC;0;974,2;974,2;973;;23,1;19,3;24;22,8;20;18,6;84;72;79;;2,8;,4;
2024/01/30;0200 UTC;0;974,3;974,5;974,2;;24,2;17,2;25,3;23,1;19,4;16,5;79;59;65;;3,2;2,1;
2024/01/30;0300 UTC;0;974,2;974,3;974;;21,6;17,6;24,2;21,5;18,1;17,3;81;65;78;;3,2;,8;
2024/01/30;0400 UTC;0;973,8;974,2;973,6;;20,1;16,9;21,8;20,1;17,7;16,9;82;77;82;;3;1,3;
2024/01/30;0500 UTC;0;973,4;973,8;973,4;;20,1;16,5;20,7;19,4;17,2;16,5;84;80;80;;3,3;1,1;
2024/01/30;0600 UTC;0;973,2;973,4;973,1;;18,9;16,1;20,2;18,7;16,5;16;85;79;84;;2,4;1,4;
2024/01/30;0700 UTC;0;973,6;973,6;973,2;;17,8;15,8;18,9;17,8;16,2;15,7;89;84;88;;3,3;1,3;
2024/01/30;0800 UTC;0;973,7;973,7;973,5;;19,6;16;19,6;17,8;16,1;15,8;88;80;80;;2,8;1,7;
2024/01/30;0900 UTC;0;974,3;974,3;973,7;;19,2;16,6;20,8;19;16,6;16;85;75;85;;3,9;,8;
2024/01/30;1000 UTC;0;974,8;974,9;974,3;82,3;19,4;17;19,8;19,1;17;16,4;87;81;86;;3,2;1,9;
2024/01/30;1100 UTC;0;975,6;975,6;974,8;562,2;22,5;18,3;22,6;19,4;18,7;17;86;77;77;;3,1;,9;
2024/01/30;1200 UTC;0;975,9;975,9;975,5;1465,6;27,8;18,8;27,8;22,5;19,9;17,8;79;56;58;;4,9;3;
2024/01/30;1300 UTC;0;975,9;976,1;975,8;2310,1;30,7;20,5;30,9;27,8;21;18;59;53;54;;6,1;3,3;
2024/01/30;1400 UTC;0;975,6;975,9;975,6;2874,9;32,7;18,8;32,7;30,7;21,2;18,8;57;44;44;;5,6;2,4;
2024/01/30;1500 UTC;0;975;975,6;975;3388,4;34,3;19,2;34,4;32,3;20,8;17,7;49;38;41;;5,8;2,5;
2024/01/30;1600 UTC;0;974,3;975;974,3;3702,9;35,3;17,9;35,4;34;20,3;15,3;44;31;36;;8,7;3,5;
2024/01/30;1700 UTC;0;973,5;974,3;973,5;3283,8;36,4;19;36,7;34,1;20,9;16,7;44;32;36;;8,7;2,4;
2024/01/30;1800 UTC;0;972,3;973,5;972,3;3371,3;36,4;15,7;37,3;35,7;17,9;14,2;36;26;29;;6,6;3,3;
2024/01/30;1900 UTC;0;971,4;972,3;971,4;2941,6;36,6;16,4;37,1;36;17,3;14,8;32;27;30;;9,2;2,5;
2024/01/30;2000 UTC;0;970,8;971,4;970,8;2218,4;36,4;16,2;36,7;36;17,7;15,5;34;29;30;;6,7;3,6;
2024/01/30;2100 UTC;0;971;971;970,7;829,6;33,5;18,2;36,5;33,5;18,2;15,3;41;29;40;;5,7;,3;
2024/01/30;2200 UTC;0;971,4;971,4;970,9;306,7;30,3;20,7;34,8;30,2;22;17,9;59;39;56;;2,2;,7;
2024/01/30;2300 UTC;0;972,8;972,8;971,3;4,6;29,6;18,7;30,8;29,2;21;18,7;60;52;52;;5,9;1,8;
2024/01/31;0000 UTC;14,6;973,1;974,2;972,8;6,5;23,1;20,2;29,6;22,4;20,6;17,7;86;52;84;;15,1;3,5;
2024/01/31;0100 UTC;,2;974;974;973;6,5;22,5;20,1;23,4;22,4;20,5;19,8;88;83;86;;7,9;3,4;
2024/01/31;0200 UTC;0;975,3;975,3;974;3,7;22,7;20,5;23,9;22,5;20,5;19,8;87;80;87;;8,6;3;
2024/01/31;0300 UTC;0;975,3;975,5;975,2;;22,9;20,6;22,9;22;20,6;20,1;89;86;87;;5,5;1,9;
2024/01/31;0400 UTC;0;974,7;975,3;974,7;;21,5;20,1;23,1;21,5;20,6;20,1;92;85;92;;3,7;2;
2024/01/31;0500 UTC;0;974;974,7;974;;21,2;20,2;21,6;21,2;20,3;20,1;94;92;94;;4,7;2,1;
2024/01/31;0600 UTC;0;973,7;974;973,7;;21,6;20,3;21,8;21,2;20,7;20,2;94;92;92;;3,9;2,3;
2024/01/31;0700 UTC;0;973,5;973,7;973,4;;21,5;20,2;21,6;21,2;20,4;20,1;94;92;93;;4,5;1,9;
2024/01/31;0800 UTC;0;973,8;973,9;973,5;;20,7;19,9;21,6;20,7;20,4;19,8;95;92;95;;4;0;
2024/01/31;0900 UTC;0;974,3;974,3;973,7;;20,4;19,9;20,8;20,2;20;19,5;97;95;97;;1,7;0;
2024/01/31;1000 UTC;0;975,2;975,2;974,3;77,7;21,2;20,4;21,2;20,3;20,4;19,7;97;95;95;;2,9;,4;
2024/01/31;1100 UTC;0;975,5;975,6;975,2;645,6;23,2;21,7;23,2;21,2;21,8;20,3;95;91;91;;3,2;1,8;
2024/01/31;1200 UTC;0;976;976;975,5;1559,4;26;19,5;26;23,1;22,5;19,5;92;67;68;;3,9;1,5;
2024/01/31;1300 UTC;0;976;976;975,8;1962,5;28,1;20,4;28,1;26;22,8;19;73;61;63;;4,5;2;
2024/01/31;1400 UTC;0;975,7;976;975,7;2727,8;31,1;21,3;31,1;27,6;22,7;19,8;73;53;56;;4,7;2;
2024/01/31;1500 UTC;0;975,2;975,7;975,2;2986,1;33;20,9;33,2;30,9;21,8;19,4;57;47;49;;5,7;2;
2024/01/31;1600 UTC;0;974,9;975,2;974,9;3687,3;34,1;21,9;34,1;32,6;22,3;18,2;51;39;49;;6,8;2,4;
2024/01/31;1700 UTC;0;973,8;974,9;973,6;3663,4;34,8;21,2;35;33,7;22,9;19;51;39;45;;6,3;2,2;
2024/01/31;1800 UTC;0;973,5;973,8;972,7;377,1;28,6;18,5;34,8;28,6;22,4;16,8;64;35;54;;8,3;4,1;
2024/01/31;1900 UTC;0;974,7;974,9;973,1;53,5;22,3;18,3;28,6;22;19;15,4;83;51;79;;16;7,9;
2024/01/31;2000 UTC;8,4;972,4;975;972,4;112,9;20,6;18,2;22,3;20,2;18,5;17,1;89;77;86;;16;6;
2024/01/31;2100 UTC;0;972,5;972,5;971,9;364;22,9;19,6;23,2;20,6;19,6;17,9;86;72;82;;9,7;,3;
2024/01/31;2200 UTC;0;974,4;974,4;972,4;326,2;22,3;18,3;24,3;22,3;19,9;17,2;83;68;78;;4,6;,1;
2024/01/31;2300 UTC;0;974,8;975,1;974,4;5,8;21,6;18,7;22,3;20,8;18,8;18,4;87;78;83;;4,3;,3;
2024/02/01;0000 UTC;0;975,6;975,6;974,6;;21,2;19,3;21,6;21;19,6;18,4;91;83;89;;2;,4;
2024/02/01;0100 UTC;0;976,7;976,9;975,6;;20,8;19,5;21,2;20,8;19,6;19,2;93;89;92;;1,8;0;
2024/02/01;0200 UTC;0;976,7;976,8;976,2;;20,3;19,2;21,3;20,3;19,7;18,6;93;85;93;;1,9;,2;
2024/02/01;0300 UTC;0;975,4;976,9;975,4;;20,8;18,7;21;20,3;19,4;18,7;93;87;88;;2,1;0;
2024/02/01;0400 UTC;0;974,9;975,4;974,8;;20,3;18,8;20,9;20,2;18,9;18,6;91;87;91;;2,1;0;
2024/02/01;0500 UTC;0;974,6;974,9;974,5;;19,5;18,6;20,5;19,4;19,1;18,4;95;91;95;;2;1,3;
2024/02/01;0600 UTC;0;974;974,6;974;;20;17,1;20,5;19,5;19,1;17,1;95;83;83;;3,7;,4;
2024/02/01;0700 UTC;0;974,9;974,9;974;;18,8;16,5;20,1;18,8;17,1;16,5;87;83;86;;3,2;,2;
2024/02/01;0800 UTC;0;975,8;976,2;974,7;;19,8;15,8;20,1;18,8;16,9;15,8;86;77;78;;5,1;,8;
2024/02/01;0900 UTC;0;976,3;976,3;975,8;;19,5;18,3;19,8;18,5;18,4;15,5;96;78;93;;3,2;1;
2024/02/01;1000 UTC;0;976,8;976,8;976,3;79,9;19,8;16,8;19,8;18,5;18,2;16;95;80;83;;3,2;0;
2024/02/01;1100 UTC;0;976,8;976,9;976,7;653,9;22,7;16;22,7;19,8;19,4;16;94;66;66;;3,8;,7;
2024/02/01;1200 UTC;0;977,3;977,4;976,8;1522,9;25,4;16,6;25,5;22,7;17,2;15,4;66;57;58;;4,3;1,2;
2024/02/01;1300 UTC;0;977,4;977,4;977,2;2319,1;27,5;18;27,5;25,2;18,5;16,1;60;55;56;;3,3;,7;
2024/02/01;1400 UTC;,2;977,4;977,5;977,4;2961,2;29,9;19,3;29,9;27,3;19,3;16,9;57;48;53;;3,2;,6;
2024/02/01;1500 UTC;0;976,9;977,4;976,9;3460;31,3;16,3;31,4;29,6;18,9;15,5;53;39;40;;4,5;1,1;
2024/02/01;1600 UTC;0;976,4;976,9;976,4;3696,6;32,6;17;32,8;31,2;19,1;15,3;45;38;39;;3,7;1,5;
2024/02/01;1700 UTC;0;975,5;976,4;975,5;3675,5;34,2;17,5;34,4;32,5;19,7;16;45;36;37;;5,6;0;
2024/02/01;1800 UTC;0;974,6;975,5;974,6;3116,3;34,4;16,9;34,6;33,3;18,6;15,4;40;31;35;;4,9;1,1;
2024/02/01;1900 UTC;0;973,5;974,6;973,5;2541,3;34,6;16,8;34,7;33,3;17,6;15,3;38;32;35;;4,6;1,5;
2024/02/01;2000 UTC;0;972,8;973,5;972,8;2210,5;34,4;13,4;34,7;34,1;17,5;13,4;37;28;28;;6,4;1,4;
2024/02/01;2100 UTC;0;972,8;972,8;972,6;1306,8;33,6;14,7;34,4;33,5;14,7;12,8;32;27;32;;5,4;1,1;
2024/02/01;2200 UTC;0;973,7;973,7;972,8;315,4;31,3;19,6;33,6;31,3;19,6;13,6;50;30;50;;3,5;0;
2024/02/01;2300 UTC;0;974,7;974,7;973,7;8,3;28,9;18,6;31,3;28,3;19,4;17,2;58;45;54;;1,3;0;
2024/02/02;0000 UTC;0;975,6;975,6;974,7;;27,7;18,6;28,9;26,5;19,8;18,6;66;54;58;;2,7;,1;
2024/02/02;0100 UTC;0;976,4;976,4;975,6;;26,7;18,9;27,5;25,9;19,6;18,8;68;59;62;;2,3;0;
2024/02/02;0200 UTC;0;977,1;977,1;976,4;;25,6;19;27;25,5;19;18,7;67;61;67;;2,7;0;
2024/02/02;0300 UTC;0;976,9;977,2;976,9;;24,8;18,9;26,4;24,8;19,2;18,7;70;64;70;;1,8;0;
2024/02/02;0400 UTC;0;976,7;977;976,7;;23,1;19,1;24,8;23,1;19,4;18,8;79;69;79;;,7;0;
2024/02/02;0500 UTC;0;976;976,7;976;;21,7;19,2;23,1;21,7;19,8;18,5;88;79;86;;1,3;,6;
2024/02/02;0600 UTC;0;975,9;976;975,7;;22,8;19;22,9;21,3;19,5;18,8;87;79;79;;2,9;,2;
2024/02/02;0700 UTC;0;975,6;976;975,6;;21,2;18,6;22,8;21,2;18,9;18,5;85;79;85;;2;0;
2024/02/02;0800 UTC;0;975,8;975,8;975,5;;20,8;18,2;21,7;20,8;18,9;18,2;86;83;85;;1,5;0;
2024/02/02;0900 UTC;0;976,3;976,3;975,8;;21;18,7;21,3;20,5;18,9;18,1;87;85;87;;1,5;,3;
2024/02/02;1000 UTC;0;977,2;977,2;976,3;77,3;21,8;19,3;21,8;20,1;19,4;17,7;88;85;86;;1,8;,4;
2024/02/02;1100 UTC;0;977,8;977,8;977,2;634,6;24,4;19,2;24,5;21,7;19,7;18,8;86;73;73;;1,9;,3;
2024/02/02;1200 UTC;0;978,5;978,5;977,8;1507,8;27,6;19,1;27,6;24,4;20,3;18,5;74;60;60;;3,8;1,7;
2024/02/02;1300 UTC;0;978,7;978,7;978,5;2314,4;29,4;18,9;29,6;27,5;19,9;18;60;53;53;;4,6;1,3;
2024/02/02;1400 UTC;0;978,3;978,7;978,3;2967,2;31;19,9;31;29,3;20,7;18,8;56;50;52;;4,9;1,9;
2024/02/02;1500 UTC;0;977,8;978,3;977,8;3467;32,1;20,2;32,7;30,8;21,1;19;53;47;50;;5,6;1,6;
2024/02/02;1600 UTC;0;977,2;977,8;977,2;3711,3;32,8;20;33,2;31,9;22,3;19,1;54;44;47;;6,2;,7;
2024/02/02;1700 UTC;0;976,4;977,2;976,4;3551,7;34;19,1;34,1;32,8;20,9;17,1;48;37;42;;4,8;1,6;
2024/02/02;1800 UTC;0;975,5;976,4;975,5;3098,5;33,5;18,9;34,7;33,3;19,9;17,4;44;36;42;;5,4;,8;
2024/02/02;1900 UTC;0;974,4;975,5;974,4;2565,4;34,3;17,9;35;33,3;19,8;16,9;44;35;38;;5,6;2,3;
2024/02/02;2000 UTC;0;973,5;974,4;973,5;2168,9;34,4;17,2;34,9;34,1;18,6;15,2;39;31;36;;5,6;1,6;
2024/02/02;2100 UTC;0;973,1;973,5;973,1;1318,9;33,8;18,1;34,4;33,7;18,4;16,3;40;34;39;;5,8;1,1;
2024/02/02;2200 UTC;0;973,4;973,4;973,1;324,4;31,4;18,4;33,8;31,4;19;17,7;46;39;46;;4,2;,3;
2024/02/02;2300 UTC;0;974,2;974,2;973,5;8;26,9;19,6;31,4;26,9;20,2;18,3;66;46;64;;2,3;0;
2024/02/03;0000 UTC;0;974,9;974,9;974,1;;27,1;19,5;28,1;26,1;20,5;19,4;70;60;63;;2,9;0;
2024/02/03;0100 UTC;0;975,7;975,7;974,9;;26,7;19,4;27,5;26,5;19,7;19,3;65;62;64;;2,4;,1;
2024/02/03;0200 UTC;0;976,1;976,1;975,7;;26;19,4;26,7;25,6;19,4;19,1;68;64;67;;1,6;,1;
2024/02/03;0300 UTC;0;975,8;976,2;975,8;;24,4;19,3;26,1;24;19,5;19,1;75;67;73;;1,6;0;
2024/02/03;0400 UTC;0;975,5;975,8;975,4;;22,8;19,5;24,4;22;19,9;19;85;73;81;;,1;0;
2024/02/03;0500 UTC;0;974,9;975,5;974,9;;22,9;19,5;23,8;22,7;19,8;19,2;82;77;81;;1,1;0;
2024/02/03;0600 UTC;0;975,1;975,1;974,9;;22;19,3;23,5;22;19,6;19,1;84;79;84;;1,5;0;
2024/02/03;0700 UTC;0;975;975,2;975;;21,4;19,2;22,1;21,4;19,4;19;87;84;87;;0;0;
2024/02/03;0800 UTC;0;975,2;975,2;975;;22,3;19,1;22,7;21,3;19,7;19,1;88;82;82;;1,5;,1;
2024/02/03;0900 UTC;0;975,9;975,9;975,2;;22,2;19,3;22,3;21,8;19,4;19;84;82;84;;1,9;,3;
2024/02/03;1000 UTC;0;976,8;976,8;975,9;70,1;22,7;19,6;22,9;21,3;19,7;18,8;87;82;82;;2,3;,1;
2024/02/03;1100 UTC;0;977,5;977,5;976,8;627,9;24,8;20,7;24,8;22,5;20,8;19,4;84;77;78;;3,2;,6;
2024/02/03;1200 UTC;0;977,7;977,8;977,5;1487,2;26,3;21,1;26,3;24,7;21,2;20,2;78;72;73;;3,8;1,7;
2024/02/03;1300 UTC;0;977,7;977,8;977,6;2253,2;28,1;21,2;28,3;26,3;21,9;20,6;73;66;66;;4,2;2;
2024/02/03;1400 UTC;0;977,6;977,7;977,5;2840,2;29,2;21,2;29,9;28;22,2;20,6;69;60;62;;5,5;1,7;
2024/02/03;1500 UTC;0;977;977,6;977;3357,2;30,8;20,9;31;29,3;22,5;20,6;64;55;56;;4,9;1,6;
2024/02/03;1600 UTC;0;976,3;977;976,3;3623,1;32,3;21,3;32,5;30,6;22,9;19,7;59;48;52;;4,9;1,5;
2024/02/03;1700 UTC;0;975,2;976,3;975,2;3725,2;33,3;20,2;33,6;32;21,5;19,2;53;45;46;;5,7;,5;
2024/02/03;1800 UTC;0;974,3;975,2;974,3;3518,8;33,9;19,9;34,4;32,7;21,1;18,2;49;40;44;;5,9;2;
2024/02/03;1900 UTC;0;973,5;974,3;973,4;2643,9;33,7;20,5;34,3;32,7;20,7;18,5;48;39;46;;6,4;2,2;
2024/02/03;2000 UTC;0;973,1;973,5;973,1;1439,1;32,5;19,7;33,9;32,3;20,4;19,2;49;43;47;;6,6;1,6;
2024/02/03;2100 UTC;0;973,7;973,7;973,1;678,2;29,4;21,4;32,6;29,4;21,6;19,4;63;46;62;;6,5;1,5;
2024/02/03;2200 UTC;0;973,8;973,8;973,5;250;28,7;20,7;29,6;28,7;21,5;20,6;63;60;62;;5,3;2;
2024/02/03;2300 UTC;0;974,6;974,6;973,8;9;26,8;20;28,7;26,8;20,9;20;67;62;67;;4,6;1,2;
2024/02/04;0000 UTC;0;975,3;975,4;974,6;;25,8;20,3;26,8;25,8;20,5;20;71;67;71;;2,8;1,1;
2024/02/04;0100 UTC;0;975,8;975,8;975,3;;25,2;20,5;25,8;25,2;20,5;20,2;75;71;75;;3,7;,9;
2024/02/04;0200 UTC;0;976,5;976,5;975,8;;24,8;20,9;25,2;24,8;20,9;20,4;79;75;79;;3,7;,6;
2024/02/04;0300 UTC;0;976,6;976,8;976,5;;24,6;20,7;24,9;24,4;20,9;20,7;80;79;79;;3;,6;
2024/02/04;0400 UTC;0;976,5;976,7;976,5;;24,2;20,3;24,7;24,2;20,8;20,3;80;78;79;;4,4;1,9;
2024/02/04;0500 UTC;0;976,1;976,5;976,1;;23,3;20,1;24,2;23,3;20,3;20,1;82;79;82;;4;,5;
2024/02/04;0600 UTC;0;975,7;976,1;975,7;;22,3;20,2;23,3;21,9;20,2;19,7;88;82;88;;2,2;,4;
2024/02/04;0700 UTC;0;975,5;975,7;975,5;;22,4;20,6;22,5;22,2;20,6;19,9;90;86;90;;2,8;,5;
2024/02/04;0800 UTC;0;975,8;975,8;975,5;;21,7;20;22,6;21,7;20,6;19,8;90;88;90;;2,6;,1;
2024/02/04;0900 UTC;0;976,4;976,4;975,8;;21,3;19,8;21,7;21,3;20;19,8;91;90;91;;2;,1;
2024/02/04;1000 UTC;0;977,1;977,1;976,4;80,2;21,7;20,1;21,7;21,1;20,1;19,7;91;90;90;;3,5;1,2;
2024/02/04;1100 UTC;0;978;978;977,1;640,6;23,8;20,6;23,9;21,7;20,9;20,1;90;82;82;;5,7;3,1;
2024/02/04;1200 UTC;0;978,7;978,7;978;1518;26;21,4;26;23,8;21,6;20,6;82;76;76;;5,8;1,9;
2024/02/04;1300 UTC;0;978,7;978,8;978,5;2198,4;27,7;21,8;27,8;25,9;22,1;21;78;70;70;;6,2;2,4;
2024/02/04;1400 UTC;0;977,9;978,7;977,9;3011,9;29,6;21,7;30;27,4;22,5;21,3;72;61;62;;6,1;2,8;
2024/02/04;1500 UTC;0;977;977,9;977;2826,6;30,3;20,8;31,6;29,3;23;20,5;65;55;57;;6,9;3,1;
2024/02/04;1600 UTC;0;976,6;977;976,6;2742,4;32,1;20,7;32,2;29,7;22,1;19,5;61;49;51;;9,7;4,6;
2024/02/04;1700 UTC;0;976,1;976,7;976,1;1629;30,9;19,8;32,1;30,7;21,4;19,2;55;49;52;;8;2,9;
2024/02/04;1800 UTC;0;975,1;976,1;975,1;3207,1;32;19,9;33;30,9;21,6;18,6;53;46;49;;8,6;3,4;
2024/02/04;1900 UTC;0;974,4;975,1;974,4;2615,2;31,6;19,9;32,8;31,3;21,1;19,2;53;47;50;;7,3;3;
2024/02/04;2000 UTC;0;973,8;974,4;973,8;1912,8;31,4;19,9;32,6;31,3;20,7;19,6;53;47;51;;6,3;2,1;
2024/02/04;2100 UTC;0;973,2;973,8;973,1;1153,5;31,7;19,7;32,3;31,2;20,6;19,5;51;48;49;;5,1;2,5;
2024/02/04;2200 UTC;0;973,1;973,2;973;275,7;29,4;20,5;31,7;29,4;20,6;19,6;59;49;59;;5;1,1;
2024/02/04;2300 UTC;0;974,1;974,1;973,1;9,5;27,7;20,6;29,4;27,7;20,7;20,5;65;59;65;;3,1;1,2;
2024/02/05;0000 UTC;0;975,1;975,2;974,1;;26,5;20,6;27,7;26,4;20,7;20,5;70;66;70;;3,1;,5;
2024/02/05;0100 UTC;0;976,3;976,3;975,1;;26,5;20,4;26,5;26,1;20,6;20,4;71;69;69;;3,2;,6;
2024/02/05;0200 UTC;0;976,5;976,6;976,3;;26,3;20,3;26,9;26,3;20,5;20,3;69;67;69;;4,7;1,4;
2024/02/05;0300 UTC;0;976,9;977;976,5;;25;20,3;26,3;25;20,4;20,2;75;69;75;;5;,5;
2024/02/05;0400 UTC;0;977,1;977,1;976,8;;24,4;20,7;25;24,1;20,7;20,3;81;75;80;;2;,1;
2024/02/05;0500 UTC;0;976,2;977,1;976,2;;24;20,5;24,4;24;20,8;20,5;82;79;81;;2;,3;
2024/02/05;0600 UTC;0;976;976,3;976;;23,4;20,4;24;22,7;20,8;20,1;86;81;83;;2;,1;
2024/02/05;0700 UTC;0;975,9;976,1;975,9;;22,5;20,2;23,4;22,2;20,5;20;88;83;87;;1,2;0;
2024/02/05;0800 UTC;0;975,8;975,9;975,7;;21;19,7;22,5;20,9;20,3;19,5;93;87;93;;,8;0;
2024/02/05;0900 UTC;0;976,1;976,1;975,8;;21,2;20,1;21,3;20,8;20,2;19,6;94;93;93;;,5;0;
2024/02/05;1000 UTC;0;976,5;976,5;976,1;77,3;21,7;20,5;21,7;20,9;20,6;19,7;94;93;93;;0;0;
2024/02/05;1100 UTC;0;977;977;976,5;558,4;24,5;21,4;24,5;21,7;21,6;20,5;93;82;83;;2,2;0;
2024/02/05;1200 UTC;0;977,6;977,6;977;1322,9;27,5;21,8;27,6;24,5;22,4;21,3;83;70;71;;2,1;,4;
2024/02/05;1300 UTC;0;977,6;977,7;977,6;2202,2;29,3;21,5;29,5;27,3;22,1;21,2;71;62;63;;5,7;3,3;
2024/02/05;1400 UTC;0;977,4;977,7;977,3;2769,3;30,6;21,8;30,7;29,3;22,2;20,7;63;56;59;;6,2;2,4;
2024/02/05;1500 UTC;0;977;977,4;977;2700,8;31,6;21,5;31,8;30,5;22;19,8;59;50;55;;5,1;1,8;
2024/02/05;1600 UTC;0;976,2;977;976,2;2976,3;32,4;20,1;32,9;31,7;21,2;19,2;55;46;48;;5,6;2,3;
2024/02/05;1700 UTC;0;975,1;976,2;975,1;3301,2;33,2;19,8;33,5;32,4;21,3;18,6;50;43;45;;5,4;1,2;
2024/02/05;1800 UTC;0;973,7;975,1;973,7;2988;34;17,8;34,2;32,9;20,5;17,8;48;38;38;;5,6;,5;
2024/02/05;1900 UTC;0;972,8;973,7;972,8;1916,9;33,5;18,8;34,3;33,2;19,8;17,8;45;38;42;;5,2;1,5;
2024/02/05;2000 UTC;0;972,7;973;972,7;1293,7;33;19,6;33,9;33;20;18,6;46;41;45;;5,2;1,7;
2024/02/05;2100 UTC;0;972,5;972,7;972,3;1044,3;33,3;19,3;33,3;32,8;20;18,9;46;43;44;;6,2;2;
2024/02/05;2200 UTC;0;973,3;973,4;972,5;238,4;30,7;19,6;33,3;30,7;19,6;18,6;52;43;51;;5,5;,2;
2024/02/05;2300 UTC;0;974,7;974,7;973,3;4,6;28,5;20,4;30,7;28,5;20,4;19,6;62;51;62;;4,5;1,4;
2024/02/06;0000 UTC;0;975,4;975,4;974,7;;25,9;21,8;28,5;25,9;21,8;20,5;78;62;78;;4,5;0;
2024/02/06;0100 UTC;0;976,2;976,3;975,4;;25,1;21,8;26;24,7;21,8;21,4;83;77;82;;2,1;,3;
2024/02/06;0200 UTC;0;976,3;976,5;976,3;;25,1;21,3;26,1;25,1;21,8;21,1;82;75;79;;3,2;,9;
2024/02/06;0300 UTC;0;975,9;976,3;975,9;;23,4;20,9;25,4;23,4;21,5;20,9;86;79;86;;3,2;0;
2024/02/06;0400 UTC;0;976;976;975,8;;23;20,9;23,3;23;21,1;20,8;89;86;88;;1,3;0;
2024/02/06;0500 UTC;0;975,5;976;975,5;;22,6;20,7;23;22,6;21;20,6;90;88;89;;0;0;
2024/02/06;0600 UTC;0;975,5;975,5;975,3;;22,2;20,7;22,6;22,1;20,8;20,3;91;89;91;;0;0;
2024/02/06;0700 UTC;0;975,6;975,6;975,3;;21,6;20,2;22,6;21,5;21,1;20;92;90;92;;1,9;0;
2024/02/06;0800 UTC;0;975,7;975,7;975,5;;21,4;20,3;21,7;21,2;20,4;20;93;92;93;;0;0;
2024/02/06;0900 UTC;0;976,7;976,7;975,7;;21,2;20,2;21,4;21,1;20,3;19,9;94;93;94;;0;0;
2024/02/06;1000 UTC;0;977,2;977,2;976,6;72;22,1;21,1;22,1;21,1;21,2;20;95;93;94;;0;0;
2024/02/06;1100 UTC;0;978,2;978,2;977,2;406,3;24,1;22,5;24,1;22,1;22,5;21,2;94;89;90;;,6;0;
2024/02/06;1200 UTC;0;978,8;978,8;978,2;1358,1;27;22,4;27;24,2;23;21,8;90;74;76;;3,3;,2;
2024/02/06;1300 UTC;0;979,2;979,2;978,8;2150,5;28,5;21,7;28,8;26,9;22,4;21,1;76;65;67;;3;1,3;
2024/02/06;1400 UTC;0;979,3;979,4;979,2;2407,6;30;20,9;30,9;28,4;22,9;20,8;68;58;58;;3,7;,9;
2024/02/06;1500 UTC;0;978,5;979,3;978,5;3125,8;31,1;20,4;31,8;30;22,6;19,3;60;50;53;;4,9;,9;
2024/02/06;1600 UTC;0;977,4;978,6;977,4;2466,8;32,3;21;32,4;30,9;22,2;19,5;57;48;51;;4,5;1,5;
2024/02/06;1700 UTC;0;976;977,4;976;2779,7;32,8;19,9;33,2;31,9;21,3;19,1;52;46;47;;4,5;1,1;
2024/02/06;1800 UTC;0;975;976;975;2213,3;33,1;20,5;33,3;31,9;21,4;19,9;52;47;47;;6;1,5;
2024/02/06;1900 UTC;0;974,2;975;974,1;1459,3;32,2;20,1;33,2;32;20,9;19,5;50;46;49;;4,7;1,5;
2024/02/06;2000 UTC;0;974;974,2;973,7;676,8;31,6;20,4;32,2;31,6;21,2;19,7;53;47;52;;4,4;1,9;
2024/02/06;2100 UTC;0;973,9;974;973,7;353,9;30,3;20,9;31,6;30,3;21,1;20,3;57;52;57;;4,1;,5;
2024/02/06;2200 UTC;0;974,8;974,8;973,9;130,5;28,7;21,3;30,3;28,7;21,4;20,7;64;57;64;;3;,6;
2024/02/06;2300 UTC;0;975,6;975,6;974,8;1,7;27,4;22,3;28,7;27,4;22,6;21,3;75;64;74;;2,7;,4;
2024/02/07;0000 UTC;0;976;976;975,4;;26,1;21,8;27,4;26;22,3;21,8;80;74;77;;2,5;0;
2024/02/07;0100 UTC;0;976,2;976,2;975,9;;25,4;21,5;26,2;25,2;21,8;21,2;80;75;79;;1,2;0;
2024/02/07;0200 UTC;0;976,7;976,7;976,2;;25,1;21,8;25,6;25;21,9;21,5;82;78;82;;2,1;0;
2024/02/07;0300 UTC;0;976,3;976,8;976,3;;24,4;21,8;25,1;24,4;21,9;21,6;85;82;85;;2,2;1,3;
2024/02/07;0400 UTC;0;976,2;976,3;976,1;;24,4;21,5;24,5;24,2;22;21,5;87;84;84;;2,5;,1;
2024/02/07;0500 UTC;0;975,4;976,2;975,4;;23,9;21,4;24,4;23,7;21,5;21,2;87;83;86;;2,7;0;
2024/02/07;0600 UTC;0;974,8;975,4;974,8;;23,2;21,4;23,9;23,2;21,5;21,2;89;86;89;;3,6;0;
2024/02/07;0700 UTC;0;974,8;975,1;974,8;;23,2;21,3;23,6;23,1;21,5;21,2;89;87;89;;,8;0;
2024/02/07;0800 UTC;0;974,8;974,9;974,7;;22,9;21,3;23,3;22,9;21,4;21,1;91;89;91;;2,3;0;
2024/02/07;0900 UTC;0;975,1;975,2;974,8;;22,7;21,2;22,9;22,7;21,3;21,2;91;90;91;;1,6;0;
2024/02/07;1000 UTC;0;975,8;975,8;975,1;54;23;21,7;23;22,3;21,7;20,9;93;91;93;;0;0;
2024/02/07;1100 UTC;0;976,6;976,6;975,8;415,1;24,9;22;24,9;23;22,3;21,7;93;84;84;;0;0;
2024/02/07;1200 UTC;0;976,5;976,7;976,5;1088;27,3;22,4;27,3;24,9;22,8;21,8;84;73;74;;1,7;0;
2024/02/07;1300 UTC;0;976,7;976,7;976,5;2114,1;30,6;22,7;30,7;27,3;23,4;22;74;63;63;;2,7;,2;
2024/02/07;1400 UTC;0;976,6;976,8;976,6;1618,2;30,7;22,3;31,1;29,8;23;21,7;66;59;61;;3,2;,3;
2024/02/07;1500 UTC;0;975,6;976,6;975,6;2140,9;31,5;21;32,8;30,6;23,6;20,7;61;52;54;;7;4,1;
2024/02/07;1600 UTC;0;975,3;975,6;974,9;2771,6;27,8;21,1;33,1;27,8;22,4;20,8;67;50;67;;8,9;4,3;
2024/02/07;1700 UTC;2,2;975,6;975,7;975,3;597,2;23,5;20,7;27,8;23,5;22;20,7;85;67;85;;8,9;,3;
2024/02/07;1800 UTC;5,2;974,6;975,6;974,4;300,4;23,7;22,2;23,7;23;22,2;20,8;91;85;91;;2,9;,8;
2024/02/07;1900 UTC;,4;974,5;974,9;974,5;214,3;24,4;22,6;24,5;23,7;22,7;22,2;92;88;90;;3,7;0;
2024/02/07;2000 UTC;1,2;973,6;974,6;973,6;55,7;23,7;22,3;24,4;23,7;22,8;22,3;92;90;92;;4,2;,3;
2024/02/07;2100 UTC;0;972,4;973,6;972,4;235,6;24,2;21,8;24,3;23,7;23;21,8;93;86;86;;2,2;0;
2024/02/07;2200 UTC;0;972,7;972,8;972,4;127,2;24,2;22,8;24,4;24,2;23,4;21,6;95;86;92;;1,1;0;
2024/02/07;2300 UTC;,2;974,4;974,4;972,7;2,7;24,1;23,4;24,2;23,8;23,9;22,7;99;91;96;;3,1;,4;
2024/02/08;0000 UTC;,2;975,1;975,4;974,4;;24,2;23,6;24,2;24;24,1;23,3;100;96;96;;4,2;,5;
2024/02/08;0100 UTC;0;975;975,2;974,8;;23,8;23,3;24,2;23,7;24,1;23,3;100;96;97;;2,5;,4;
2024/02/08;0200 UTC;0;976,3;976,4;975;;23,6;23;23,8;23,6;23,7;23;100;96;97;;2,5;0;
2024/02/08;0300 UTC;0;975,9;976,4;975,9;;23,3;22,8;23,7;23,3;23,6;22,8;100;96;97;;1,5;0;
2024/02/08;0400 UTC;0;975,3;976;975,3;;23,2;22,7;23,3;23;23,3;22,7;100;97;97;;1,2;0;
2024/02/08;0500 UTC;0;974,1;975,3;974,1;;22,8;22,3;23,3;22,8;23,2;22,3;100;97;97;;1,4;,1;
2024/02/08;0600 UTC;0;973,7;974,1;973,7;;22,9;22,4;22,9;22,7;22,9;22,2;100;97;97;;1,7;0;
2024/02/08;0700 UTC;0;973,3;973,7;973,3;;23,1;22,6;23,1;22,9;23,1;22,4;100;97;97;;1,3;0;
2024/02/08;0800 UTC;0;972,9;973,3;972,9;;23;22,4;23,1;22,9;23,1;22,4;100;97;97;;1,7;,1;
2024/02/08;0900 UTC;0;973,4;973,5;972,9;;23;22,5;23;23;22,9;22,4;100;97;97;;2,2;0;
2024/02/08;1000 UTC;0;973,6;973,6;973,3;71,8;23,3;22,2;23,3;22,9;22,8;22,2;99;94;94;;,9;0;
2024/02/08;1100 UTC;0;974,3;974,3;973,6;714,6;25,4;23,5;25,5;23,3;23,9;22,2;95;89;89;;3,2;1,3;
2024/02/08;1200 UTC;0;974,9;974,9;974,3;1732,9;27,2;23,8;27,3;25,1;24,2;23,1;90;80;81;;3,8;1;
2024/02/08;1300 UTC;0;975,2;975,2;974,8;2103,5;28,3;23,6;29;26,8;24,8;23,2;83;75;76;;3,7;1;
2024/02/08;1400 UTC;0;974,9;975,2;974,9;2155,8;28,9;23,4;30;28,1;25,1;22,8;79;69;72;;5,8;1,2;
2024/02/08;1500 UTC;0;975,1;975,1;974,8;860;25,2;22,4;29,3;25,2;23,8;22,4;85;71;85;;13,5;6,4;
2024/02/08;1600 UTC;30;975,7;976,1;975,1;66,5;22,1;19,9;25,1;22;22,3;19,9;98;85;88;;13,5;2,7;
2024/02/08;1700 UTC;3,2;976,3;976,4;975,7;120,5;22,5;18,6;22,5;22,1;19,9;17,2;88;72;79;;4,1;,7;
2024/02/08;1800 UTC;5;975;976,3;975;259,7;22,5;18,4;22,7;22,5;19,1;18,4;80;78;78;;4,8;2,8;
2024/02/08;1900 UTC;1;974,3;975;974,3;857,1;23,4;23;23,5;22,5;23,4;18,5;100;77;98;;5,4;2,6;
2024/02/08;2000 UTC;0;972,4;974,3;972,4;1276,4;24,4;19;24,4;23,3;23;18,4;98;70;72;;5,2;1;
2024/02/08;2100 UTC;0;972,4;972,4;971,9;778,2;24,3;16,9;24,7;24,2;18,8;16,7;72;62;63;;3,3;,1;
2024/02/08;2200 UTC;0;973,2;973,2;972,4;174,9;23,9;17,2;24,3;23,9;17,2;16,7;66;63;66;;2,1;0;
2024/02/08;2300 UTC;0;973,5;973,5;973,2;4,6;22,7;18,4;23,9;22,7;18,5;17,1;77;66;77;;2,6;,9;
2024/02/09;0000 UTC;0;973,8;973,9;973,5;;22,6;22,3;22,7;22,3;22,3;18,6;98;77;98;;2;,1;
2024/02/09;0100 UTC;0;973,7;973,8;973,7;;22,7;22,3;22,7;22,5;22,4;22,1;98;97;98;;1,4;0;
2024/02/09;0200 UTC;0;974,1;974,2;973,5;;22,8;22,4;22,8;22,6;22,4;22,3;98;98;98;;2,2;,1;
2024/02/09;0300 UTC;0;973,9;974,1;973,9;;22,5;22,1;22,8;22,3;22,4;22;98;97;98;;3;,9;
2024/02/09;0400 UTC;0;974,3;974,3;973,9;;22,4;22;22,5;22,3;22,2;21,9;98;98;98;;3,5;1,6;
2024/02/09;0500 UTC;0;974,2;974,4;974,2;;22,2;21,9;22,5;22,2;22;21,7;98;97;98;;3,3;0;
2024/02/09;0600 UTC;0;973,8;974,2;973,8;;22,2;21,9;22,3;22,2;21,9;21,8;98;98;98;;1,6;0;
2024/02/09;0700 UTC;0;973,5;973,8;973,4;;22,1;21,9;22,2;22,1;21,9;21,8;99;98;99;;,8;0;
2024/02/09;0800 UTC;0;973,7;973,8;973,5;;22,1;21,9;22,2;22,1;22;21,9;99;99;99;;,7;0;
2024/02/09;0900 UTC;0;973,8;973,8;973,7;;22;21,8;22,2;22;22;21,8;99;99;99;;1,4;0;
2024/02/09;1000 UTC;0;974,4;974,4;973,8;91,4;22,2;18,7;22,2;22;21,9;18,7;99;81;81;;2,9;1,4;
2024/02/09;1100 UTC;0;975,8;975,8;974,4;347,8;23,2;18,5;23,2;22,2;18,7;18;81;74;75;;2,9;,3;
2024/02/09;1200 UTC;0;976,3;976,4;975,8;1154,2;25,5;18,7;25,5;23,1;19,6;18,1;75;66;66;;1,6;,1;
2024/02/09;1300 UTC;0;976,7;976,8;976,3;2152;27,7;17,7;27,8;25,5;19,7;17,5;69;54;54;;2,9;,3;
2024/02/09;1400 UTC;,2;976,9;976,9;976,7;2672;29,8;16,1;30,3;27,6;19,2;14,7;59;41;44;;3,6;,4;
2024/02/09;1500 UTC;0;976,3;976,9;976,3;3122,8;30,6;13,7;31,5;29,3;17,2;12,3;46;31;36;;3,8;,4;
2024/02/09;1600 UTC;0;975,7;976,3;975,7;2976,2;31,4;18,1;31,6;30,3;19,5;12,8;50;33;45;;3,6;,6;
2024/02/09;1700 UTC;0;975,4;975,7;975,1;2675,2;28,7;20,1;32,5;28,7;20,1;17,1;60;41;60;;11,4;4,5;
2024/02/09;1800 UTC;0;974,8;975,8;974,8;1429,9;29,6;22,1;29,6;26,9;22,5;19,9;71;60;64;;12,6;6,1;
2024/02/09;1900 UTC;0;973,7;974,8;973,7;2861,9;31,4;21,8;31,9;29,5;23;21;65;55;57;;9,3;3,6;
2024/02/09;2000 UTC;0;972,6;973,7;972,6;2040,3;30,9;21,3;32,4;30,9;22,1;20,1;58;49;57;;5,9;3,5;
2024/02/09;2100 UTC;0;972,2;972,6;972,2;860,9;29,3;21,3;31,3;29,3;22,4;20,4;62;56;62;;5,7;1,9;
2024/02/09;2200 UTC;0;972,1;972,3;972;206,8;27,4;22,8;29,3;27,4;22,8;21,4;76;62;76;;3,4;1,4;
2024/02/09;2300 UTC;0;972,6;972,7;972,1;3;25,8;22,8;27,4;25,8;23,2;22,6;83;76;83;;2,2;0;
2024/02/10;0000 UTC;0;973,6;973,6;972,6;;25;23,1;25,8;25;23,4;22,8;89;83;89;;0;0;
2024/02/10;0100 UTC;0;974,4;974,4;973,6;;24,3;22,8;25,1;24,3;23,2;22,5;92;88;91;;1,4;,1;
2024/02/10;0200 UTC;0;975,2;975,3;974,4;;24,1;22,9;24,3;23,9;23;22,6;93;91;93;;1,6;1;
2024/02/10;0300 UTC;0;975,5;975,5;975,2;;23,8;22,3;24,1;23,6;22,9;22,1;94;91;91;;2;,1;
2024/02/10;0400 UTC;0;974,9;975,5;974,9;;23,9;22,2;24,2;23,8;22,3;22,1;91;88;90;;2;0;
2024/02/10;0500 UTC;0;974,4;974,9;974,4;;23,7;22,4;23,9;23,6;22,4;22,2;93;90;93;;0;0;
2024/02/10;0600 UTC;0;974,1;974,4;974,1;;23,6;22,3;23,7;23,4;22,4;22,1;93;92;92;;1,6;,2;
2024/02/10;0700 UTC;0;973,7;974,1;973,7;;23,3;21,8;23,8;23,3;22,4;21,8;93;91;91;;1,8;,1;
2024/02/10;0800 UTC;0;973,8;973,8;973,7;;22,9;21,6;23,4;22,7;21,9;21,4;93;91;93;;1,2;0;
2024/02/10;0900 UTC;0;974,2;974,2;973,8;;23,2;21,9;23,2;22,7;21,9;21,4;93;92;93;;4,4;,3;
2024/02/10;1000 UTC;0;975,3;975,3;974,2;75,7;23,4;22,3;23,6;23,2;22,4;22;94;93;93;;5,3;2,5;
2024/02/10;1100 UTC;0;976,2;976,2;975,3;308,1;24,2;22,8;24,2;23,3;22,9;22,2;94;92;92;;4,6;1,9;
2024/02/10;1200 UTC;0;976,7;976,7;976,2;1311,2;27,2;22,7;27,4;24,2;23,7;22,7;93;76;77;;5,5;2,7;
2024/02/10;1300 UTC;0;976,7;976,8;976,6;2191,8;29,2;21,8;29,2;27,1;22,9;21,7;77;64;64;;8,5;3,7;
2024/02/10;1400 UTC;0;976,8;976,9;976,7;2710,3;30,8;21,5;31;29;22,6;21,3;66;58;58;;8,5;3,6;
2024/02/10;1500 UTC;0;976,4;976,8;976,4;2644,2;31,9;21,4;31,9;29,9;22,5;20,5;60;53;54;;7,6;3,5;
2024/02/10;1600 UTC;0;975,7;976,4;975,7;2284,9;31,5;21;32,1;31;21,6;20;55;51;54;;7,6;2;
2024/02/10;1700 UTC;0;974,6;975,7;974,6;2810,7;32,8;22;33,3;31,5;23,2;19,7;58;46;53;;6,3;2,4;
2024/02/10;1800 UTC;0;973,6;974,6;973,6;2441,2;32,6;18,9;33,8;32,2;23,1;18,5;57;41;44;;6,2;1,4;
2024/02/10;1900 UTC;0;972,6;973,6;972,6;1860,7;33,4;21,7;34;32,1;22,3;18,2;54;41;51;;5,3;2,1;
2024/02/10;2000 UTC;0;972,4;972,6;972,4;2162;31,8;21,9;34,3;31,6;22,6;21,4;58;49;56;;8,2;3,9;
2024/02/10;2100 UTC;0;972,6;972,6;972,2;890,3;28,2;22,7;33;28,2;23;21,7;72;52;72;;9,4;4,6;
2024/02/10;2200 UTC;0;972,9;972,9;972,6;149,9;27;22,5;28,2;27;22,8;22,5;77;73;77;;6,7;1,7;
2024/02/10;2300 UTC;0;974,1;974,1;972,9;4,1;26,3;22,5;27;26,3;22,5;22,3;80;77;80;;3,9;1;
2024/02/11;0000 UTC;0;974,7;974,7;974,1;;24,8;22,5;26,3;24,8;22,6;22,3;87;80;87;;2,9;,4;
2024/02/11;0100 UTC;0;975,5;975,5;974,7;;24,9;22,6;25,3;24,8;22,7;22,5;87;85;87;;3,9;,1;
2024/02/11;0200 UTC;0;975,8;976,1;975,5;;24,5;22,7;24,9;24,3;23;22,5;90;87;90;;2,4;,1;
2024/02/11;0300 UTC;0;975,4;975,8;975,3;;24,4;22,5;24,6;24,4;22,7;22,5;90;89;89;;1,7;0;
2024/02/11;0400 UTC;0;975,3;975,4;975,2;;23,5;22,2;24,3;23,5;22,6;22,1;92;89;92;;0;0;
2024/02/11;0500 UTC;0;975,1;975,5;975,1;;23;22;23,5;23;22,2;21,9;94;92;94;;1,7;0;
2024/02/11;0600 UTC;0;974,6;975,1;974,6;;22,5;21,7;23;22,5;22,1;21,6;95;94;95;;1,3;0;
2024/02/11;0700 UTC;0;974,4;974,6;974,4;;22,5;21,7;22,9;22,4;22,1;21,6;95;95;95;;1,1;0;
2024/02/11;0800 UTC;0;974,6;974,6;974,3;;22,1;21,4;22,5;21,9;21,7;21,2;96;95;96;;0;0;
2024/02/11;0900 UTC;0;974,7;974,7;974,4;;21,8;21,1;22,3;21,8;21,6;21,1;96;96;96;;0;0;
2024/02/11;1000 UTC;0;975,4;975,4;974,7;50,9;22,6;21,9;22,7;21,7;22;21;96;96;96;;1;0;
2024/02/11;1100 UTC;0;975,6;975,6;975,4;527,3;25;23,3;25;22,6;23,4;21,9;96;90;91;;2,5;,7;
2024/02/11;1200 UTC;0;976;976,1;975,6;1455;28,3;24,2;28,3;24,9;24,2;22,8;91;77;79;;3,1;1;
2024/02/11;1300 UTC;0;976,6;976,6;976;2240,6;30,5;22,7;30,5;28,3;24;22,6;79;63;63;;5,5;2,2;
2024/02/11;1400 UTC;0;976,5;976,7;976,5;2753,5;31,8;23,2;31,9;30,4;23,6;22,3;65;60;61;;8,3;3,5;
2024/02/11;1500 UTC;0;976,4;976,6;976,3;3342,1;33,1;21,7;33,6;31,6;23,6;21,6;61;51;51;;9,6;4,7;
2024/02/11;1600 UTC;0;976;976,4;976;3568,1;34;20,2;34,4;33,1;22,1;20,2;52;43;44;;10;4,7;
2024/02/11;1700 UTC;0;974,8;976;974,8;3501,9;34,6;20,5;35,1;33,8;21,2;19,4;47;42;44;;10;4,2;
2024/02/11;1800 UTC;0;973,6;974,9;973,6;3421,4;35;20,3;35,3;34,2;20,7;18,9;45;39;42;;9,1;3,2;
2024/02/11;1900 UTC;0;972,5;973,6;972,5;2856,8;35,1;18,8;35,4;34,7;20,3;17,9;43;36;38;;9,1;2,9;
2024/02/11;2000 UTC;0;972;972,5;971,9;2127,4;35,1;19,4;35,4;34,7;19,5;18;40;37;40;;7,7;2,6;
2024/02/11;2100 UTC;0;972,2;972,2;972;1361,8;34,4;19,3;35,3;34,4;20;18,2;42;37;41;;7,7;2;
2024/02/11;2200 UTC;0;972,5;972,5;972,2;240,3;32;20,6;34,4;32;20,8;19,2;52;41;51;;5,2;,2;
2024/02/11;2300 UTC;0;972,9;972,9;972,4;1,8;29,4;21,5;32;29;21,5;20,3;63;51;63;;1,6;0;
2024/02/12;0000 UTC;0;973,3;973,4;972,9;;27,6;21,1;29,4;27,6;21,8;20,9;69;62;68;;1,5;0;
2024/02/12;0100 UTC;0;974,6;974,6;973,2;;25,7;22;27,9;25,7;22;21;80;67;80;;4,8;2,5;
2024/02/12;0200 UTC;0;975,2;975,2;974,6;;25;22,4;25,7;25;22,6;22,1;86;80;86;;4,2;,3;
2024/02/12;0300 UTC;0;975,6;975,9;975,2;;24,6;22,9;25;24,6;23;22,3;90;86;90;;2,2;0;
2024/02/12;0400 UTC;0;975,9;976;975,4;;25;23,1;25;24,2;23,1;22,4;91;89;89;;3,2;,4;
2024/02/12;0500 UTC;2,4;975,2;976;975,2;;24,4;23,7;25,1;24,4;23,9;22,4;96;86;96;;4,1;0;
2024/02/12;0600 UTC;0;974,8;975,2;974,8;;24;19,5;24,4;24;23,7;19,5;96;76;76;;3,8;,8;
2024/02/12;0700 UTC;0;974,7;975;974,6;;23,7;15,7;24,2;23,7;19,4;15,7;76;61;61;;2,1;0;
2024/02/12;0800 UTC;0;974,7;974,8;974,6;;23,3;15,3;23,8;23,3;16,4;15,3;63;60;61;;,4;0;
2024/02/12;0900 UTC;0;975,3;975,3;974,7;;22,5;14,6;23,3;22,4;15,6;14,6;63;61;61;;2;,2;
2024/02/12;1000 UTC;0;976,1;976,1;975,3;50,3;23,7;16,7;23,7;22,5;16,9;14,7;66;61;65;;2,1;,1;
2024/02/12;1100 UTC;0;976,4;976,4;976;573,2;25,8;17,4;25,9;23,7;24,1;16,7;96;60;60;;4,2;1,2;
2024/02/12;1200 UTC;0;976,8;976,8;976,4;1515,5;27,7;16,1;28,1;25,7;17,8;16,1;61;49;49;;8,4;3,6;
2024/02/12;1300 UTC;0;977,1;977,1;976,8;1451,9;27,7;15,8;28,6;26,9;16,3;10,4;51;34;48;;8,6;4,4;
2024/02/12;1400 UTC;0;977,2;977,2;977;2024;29,8;17,1;30,3;27,7;18,1;15,8;54;45;46;;8,6;4,9;
2024/02/12;1500 UTC;,2;977;977,4;977;1554,1;29,7;19,2;30,9;29,3;19,7;16,3;54;45;53;;11;5,8;
2024/02/12;1600 UTC;0;976,3;977;976,3;2386;31,4;19,7;32,2;29,7;20,8;18,6;55;47;50;;9,9;5,9;
2024/02/12;1700 UTC;0;975,6;976,3;975,6;2458;32,1;21,3;32,9;31;21,9;19,6;54;49;53;;10,5;4,2;
2024/02/12;1800 UTC;0;974,5;975,5;974,5;2835;32,4;22,3;33,7;32,1;22,4;20,9;56;49;55;;8,4;3,9;
2024/02/12;1900 UTC;0;974,2;974,6;974,2;2430,5;32,8;21,7;33,9;32,2;23,1;20,8;57;49;52;;9;4;
2024/02/12;2000 UTC;0;973,9;974,2;973,9;1973,4;33;20,6;33,5;32;22,8;20,6;54;48;48;;10,2;4,8;
2024/02/12;2100 UTC;0;973,9;973,9;973,8;1125,4;30,7;21,9;33,1;30,7;22,1;20,2;60;47;60;;9,3;4,9;
2024/02/12;2200 UTC;0;974,2;974,2;973,8;351,4;28,6;22,4;30,7;28,6;23,1;21,7;69;59;69;;11;3,7;
2024/02/12;2300 UTC;0;975;975;974,2;8;26,5;22,4;28,6;26,5;22,6;22,2;78;69;78;;6,4;1,7;
2024/02/13;0000 UTC;0;975,7;975,7;975;;25,7;22,6;26,6;25,7;22,8;22,4;83;78;83;;3,3;1,4;
2024/02/13;0100 UTC;0;976,5;976,5;975,7;;24,5;22,3;25,7;24,4;22,6;22,3;88;83;88;;2,9;1;
2024/02/13;0200 UTC;0;976,9;977;976,5;;24,2;22,4;24,5;24,1;22,4;22,2;90;88;90;;1,6;0;
2024/02/13;0300 UTC;0;977,1;977,2;976,9;;24,2;22,4;24,2;23,8;22,6;21,9;92;89;90;;1,8;,6;
2024/02/13;0400 UTC;0;976,9;977,3;976,9;;23,3;21,8;24,2;23,2;22,4;21,7;91;89;91;;1,8;0;
2024/02/13;0500 UTC;0;976,8;977;976,7;;23;21,6;23,3;22,9;21,8;21,6;92;91;92;;2,1;,1;
2024/02/13;0600 UTC;0;976,5;976,8;976,5;;22,7;21,5;23,1;22,7;21,8;21,4;93;92;93;;1,2;,3;
2024/02/13;0700 UTC;0;976,5;976,6;976,4;;22,6;21,5;22,7;22,4;21,5;21,3;94;93;94;;1,9;,3;
2024/02/13;0800 UTC;0;976,8;976,8;976,5;;22,3;21;23;22,3;21,8;21;94;92;93;;2,1;0;
2024/02/13;0900 UTC;0;977,6;977,6;976,8;;22,2;21,2;22,5;22,2;21,4;21,1;94;93;94;;1,5;,2;
2024/02/13;1000 UTC;0;978,1;978,1;977,6;52,1;23,1;22;23,1;22,2;22;21,1;94;94;94;;2,4;0;
2024/02/13;1100 UTC;0;978,8;978,8;978,1;455,6;26;22,9;26;23,1;23,4;22,1;94;83;83;;2,7;,9;
2024/02/13;1200 UTC;0;979,3;979,4;978,8;1200,8;28,5;22,7;28,6;26;23,4;22,4;84;70;71;;5,1;2,5;
2024/02/13;1300 UTC;0;979,5;979,5;979,2;1790,7;29,8;22,4;30;28,1;23;22,2;72;64;65;;6,2;3,6;
2024/02/13;1400 UTC;0;979,2;979,6;979,2;2573,9;32;23,8;32,2;29,8;24,1;22,3;66;60;62;;8,2;4;
2024/02/13;1500 UTC;0;978,7;979,3;978,7;2812,1;32,8;22,7;33,2;31,6;24,1;22;62;53;55;;9,5;5;
2024/02/13;1600 UTC;0;978;978,7;977,9;2979;33,8;22,1;34,1;32,1;23,1;21,4;55;49;51;;10,1;4,2;
2024/02/13;1700 UTC;0;976,8;978;976,7;3422,5;34,4;20,7;34,9;33,3;22,4;20,6;52;45;45;;10,7;5,8;
2024/02/13;1800 UTC;0;975,8;976,8;975,8;2803,5;34,3;21,9;35,1;33,6;21,9;20,2;49;43;49;;10,7;4,6;
2024/02/13;1900 UTC;0;975,1;975,8;975,1;2245,9;33,8;21,5;34,9;33,7;22,2;20,6;49;45;49;;9,3;4,4;
2024/02/13;2000 UTC;0;974,8;975,1;974,7;1040;32,5;21,6;34;32,5;21,9;20,4;53;46;53;;8,7;4,5;
2024/02/13;2100 UTC;0;974,9;974,9;974,6;669,1;32,2;21,7;33,1;32,2;22,7;21,4;57;51;54;;7,3;2,7;
2024/02/13;2200 UTC;0;975,8;975,8;974,9;101,9;27,1;23,2;32,2;26,5;23,3;20,8;80;54;79;;12,7;,8;
2024/02/13;2300 UTC;0;977;977;975,8;6,9;26,8;23,6;27,1;26,6;23,6;23,3;83;79;83;;4,2;2,2;
2024/02/14;0000 UTC;0;977,4;977,4;977;;26,6;23,4;26,7;26,5;23,6;23,4;84;82;82;;4,2;1,6;
2024/02/14;0100 UTC;0;977,8;977,8;977,4;;26,1;22,8;26,6;26,1;23,4;22,8;82;80;82;;3,6;1,2;
2024/02/14;0200 UTC;0;977,5;977,8;977,2;;25,3;22,3;26,1;25,3;22,8;22,2;83;82;83;;3,1;0;
2024/02/14;0300 UTC;0;977,9;977,9;977,5;;24,7;22,6;25,3;24,6;22,6;22,2;88;83;88;;2,2;,4;
2024/02/14;0400 UTC;0;977,2;977,9;977,1;;24,8;22,4;25;24,7;22,6;22,4;88;86;87;;3;,1;
2024/02/14;0500 UTC;0;976,8;977,2;976,8;;24,7;22,4;24,9;24,5;22,5;22,4;88;87;87;;2,9;,6;
2024/02/14;0600 UTC;0;976,3;976,8;976,3;;23,9;22,2;24,7;23,9;22,4;22,2;91;87;91;;1,8;0;
2024/02/14;0700 UTC;0;976,6;976,6;976,2;;23,4;22;24;23,4;22,4;22;92;90;92;;,6;0;
2024/02/14;0800 UTC;0;977,1;977,1;976,6;;23,2;22,1;23,4;23,2;22,2;22;94;92;94;;,8;0;
2024/02/14;0900 UTC;0;977,7;977,7;977,1;;23,2;22,2;23,3;23;22,2;22;95;94;95;;1,4;,5;
2024/02/14;1000 UTC;0;978,2;978,2;977,6;42,3;23,2;22,4;23,2;22,7;22,4;21,8;95;94;95;;2;,5;
2024/02/14;1100 UTC;0;978,3;978,4;978,2;387,2;26,3;23,4;26,3;23,2;23,5;22,4;96;84;84;;2;0;
2024/02/14;1200 UTC;0;978,5;978,5;978,3;1389,5;28,6;22,4;28,9;26,3;23,8;22,4;84;69;69;;1,8;,2;
2024/02/14;1300 UTC;0;978,5;978,6;978,4;1873,5;30,2;22,8;30,2;28,3;23,6;22,1;72;65;65;;3,5;1,1;
2024/02/14;1400 UTC;0;978,1;978,5;978,1;2842,5;31,3;23;31,5;30,1;23,5;22,3;66;59;61;;6,5;2,9;
2024/02/14;1500 UTC;0;977,3;978,1;977,3;3315,4;32,7;22,5;33;30,9;23,3;21,6;62;52;55;;7,1;2,2;
2024/02/14;1600 UTC;0;976,4;977,3;976,4;3481,4;34,2;22,2;34,7;32,5;23,3;21,3;56;47;50;;8,6;3,8;
2024/02/14;1700 UTC;0;975,2;976,4;975,2;3408,5;35,3;21,5;35,8;33,6;22,4;19,9;51;42;45;;9,3;4,4;
2024/02/14;1800 UTC;0;974,2;975,2;974,2;1261;33,4;21,3;35,4;31,8;22,6;20,3;59;42;49;;8,5;2,2;
2024/02/14;1900 UTC;0;973,3;974,2;973,2;2250,8;36,1;18,9;36,4;33,4;22;18,9;50;37;37;;11,6;6,2;
2024/02/14;2000 UTC;0;973,4;973,5;973,2;1336,2;34,2;20,3;36,1;33,5;22;17,4;49;35;44;;11,6;5,6;
2024/02/14;2100 UTC;0;973,8;973,8;973,3;738,7;32,8;20,6;35;32,1;21,3;19,7;52;42;49;;12;5;
2024/02/14;2200 UTC;0;975,1;975,1;973,8;84,8;28,2;21,3;32,9;28;22,3;20,4;71;48;66;;12,7;6,1;
2024/02/14;2300 UTC;0;975,6;975,7;975,1;2,8;27,1;22;28,2;26;22,4;21,1;77;66;74;;11,7;3,2;
2024/02/15;0000 UTC;0;976,8;976,8;975,7;;26,8;21,9;27,1;26,6;22,2;21,9;77;74;75;;5,9;2,3;
2024/02/15;0100 UTC;0;977,7;977,8;976,8;;26,1;21,8;26,8;26,1;21,9;21,7;77;74;77;;5,4;1,4;
2024/02/15;0200 UTC;0;977,2;977,7;977,2;;25,7;22;26,1;25,5;22;21,8;81;77;80;;2,8;,8;
2024/02/15;0300 UTC;0;976,9;977,2;976,9;;24,5;21,9;25,8;24,5;22;21,8;86;80;86;;2,2;1,1;
2024/02/15;0400 UTC;0;976,7;977;976,6;;24,1;22,1;24,5;24,1;22,1;21,9;88;86;88;;2,3;0;
2024/02/15;0500 UTC;0;976,7;976,8;976,6;;24,4;22,2;24,5;24,1;22,2;22,1;89;87;87;;2,4;1,4;
2024/02/15;0600 UTC;0;976,7;976,7;976,6;;24;21,8;24,6;24;22,2;21,8;87;86;87;;2,4;0;
2024/02/15;0700 UTC;0;976,4;976,7;976,3;;23,2;21,7;24;23,2;21,8;21,5;91;87;91;;1,5;0;
2024/02/15;0800 UTC;0;976,4;976,5;976,3;;23,2;21,7;23,2;23;21,8;21,6;92;91;92;;1,7;0;
2024/02/15;0900 UTC;0;976,7;976,7;976,4;;23,1;21,6;23,2;23,1;21,7;21,6;92;91;91;;1;0;
2024/02/15;1000 UTC;0;977,2;977,2;976,7;43,8;23,3;21,8;23,4;23,1;21,9;21,5;91;91;91;;0;0;
2024/02/15;1100 UTC;0;978;978;977,2;296,2;24,1;21,8;24,2;23,3;22;21,6;91;86;87;;3,1;2,1;
2024/02/15;1200 UTC;0;978,6;978,6;978;1021;25,9;22;25,9;24,1;22,4;21,7;88;79;80;;3,8;2,1;
2024/02/15;1300 UTC;0;978,3;978,6;978,3;1824,7;27,1;21,9;27,8;25,8;23;21,6;80;72;73;;3,6;1,5;
2024/02/15;1400 UTC;0;977,9;978,3;977,9;2217,6;30;21,8;30,3;27,1;23;21,4;74;62;62;;5,1;2,5;
2024/02/15;1500 UTC;0;977,5;978;977,5;2865,9;30,1;21,7;31;29,3;22,9;21,2;65;59;61;;5,9;3,1;
2024/02/15;1600 UTC;0;976,8;977,5;976,8;2591;31,5;21,7;31,5;30;22,6;21;62;56;56;;6,7;3,1;
2024/02/15;1700 UTC;0;975,8;976,8;975,8;1967,2;32,6;20,9;32,6;30,9;22,2;20,4;59;50;50;;6,7;2,9;
2024/02/15;1800 UTC;0;974,7;975,8;974,7;2638,6;34,7;19,2;35,2;32,2;21,1;19,2;51;40;40;;9,4;4,5;
2024/02/15;1900 UTC;0;973,9;974,7;973,9;2289,8;33,5;19;35;33,5;20,8;19;46;40;42;;8,7;4,7;
2024/02/15;2000 UTC;0;973,5;973,9;973,5;1819,2;34,3;19,4;34,7;33,3;20,6;19;46;41;42;;9,1;4,9;
2024/02/15;2100 UTC;0;973,6;973,7;973,5;1154,7;32,7;19,4;34,3;32,6;19,8;19;46;41;46;;9,9;4,6;
2024/02/15;2200 UTC;0;973,8;973,8;973,6;371,8;30,9;19;32,7;30,9;19,5;18,8;49;45;49;;7,7;3,6;
2024/02/15;2300 UTC;0;974,7;974,7;973,8;5,4;28;19,7;30,9;28;19,8;18,9;61;49;61;;6,2;,1;
2024/02/16;0000 UTC;0;975,6;975,6;974,7;;26,4;20,6;28;26,2;20,6;19,6;71;61;70;;,9;0;
2024/02/16;0100 UTC;0;976,4;976,4;975,6;;26;20,8;26,8;25,5;21;20,2;75;67;73;;3;0;
2024/02/16;0200 UTC;0;976,7;976,8;976,4;;26,7;20,2;27,7;25,9;20,8;20;74;64;68;;2,2;,1;
2024/02/16;0300 UTC;0;976,6;976,8;976,6;;26,3;20,5;26,7;26;20,5;20,1;71;68;70;;2,3;,4;
2024/02/16;0400 UTC;0;976,1;976,6;976,1;;25,3;20,5;26,3;25,3;20,6;20,5;75;70;75;;2,4;,1;
2024/02/16;0500 UTC;0;975,7;976,1;975,7;;24,3;20,5;25,4;24,3;20,6;20,4;79;75;79;;2,4;,2;
2024/02/16;0600 UTC;0;975,2;975,7;975,2;;24;20,4;24,4;23,9;20,6;20,3;81;79;80;;2,4;,1;
2024/02/16;0700 UTC;0;975,3;975,3;975,2;;23,4;20,5;24;23,1;20,5;20,2;85;80;84;;2,5;,1;
2024/02/16;0800 UTC;0;975,2;975,3;975,2;;23,2;20,2;23,6;23,1;20,5;20,2;84;82;83;;1,7;0;
2024/02/16;0900 UTC;0;975,5;975,5;975,2;;21,7;19,8;23,2;21,7;20,2;19,6;89;83;89;;,9;0;
2024/02/16;1000 UTC;0;976,1;976,1;975,5;45;22,3;20,6;22,3;21,4;20,6;19,7;91;89;90;;,7;0;
2024/02/16;1100 UTC;0;976,7;976,7;976,1;542;25,3;21,2;25,3;22,3;21,2;20,5;90;78;78;;2,7;,5;
2024/02/16;1200 UTC;0;976,9;977;976,7;1403,3;26,9;21,4;27,3;25,3;21,8;20,9;78;70;72;;3,4;,6;
2024/02/16;1300 UTC;0;976,8;976,9;976,8;2129,6;29,4;21,6;29,4;26,9;22,6;21,1;73;63;63;;3,7;1,3;
2024/02/16;1400 UTC;0;976,6;976,8;976,6;1482,2;29,5;21,9;29,8;28,7;22,3;21;66;61;64;;3,7;1,1;
2024/02/16;1500 UTC;0;976;976,6;976;3269,1;32,3;20,7;32,3;29,5;22,2;20;64;50;50;;7,2;3,7;
2024/02/16;1600 UTC;0;975,1;976;975,1;3305,6;32,9;19,5;33,5;31,9;20,9;18,5;52;43;45;;8;4,5;
2024/02/16;1700 UTC;0;974,2;975,2;974,2;3249,4;34,1;19,7;34,6;32,4;20,1;18,4;46;40;43;;9,2;5,1;
2024/02/16;1800 UTC;0;972,8;974,2;972,8;3033,4;34,7;18,9;35,1;33,3;20,2;18,3;45;38;39;;10,2;3,6;
2024/02/16;1900 UTC;0;971,7;972,9;971,7;2502,1;35,4;18,3;35,9;34;19,8;17,6;41;35;37;;8,2;4,1;
2024/02/16;2000 UTC;0;971,1;971,7;971,1;2154,5;35,1;16,5;35,6;35;18,1;15,8;37;31;33;;9,2;5,1;
2024/02/16;2100 UTC;0;971,3;971,3;971;1250,9;34,3;15,9;35,3;34,3;16,8;15,2;34;31;33;;9,1;3,7;
2024/02/16;2200 UTC;0;971,8;971,8;971,3;357,8;32,4;16,7;34,3;32,4;16,8;15,8;39;33;39;;6,6;1,7;
2024/02/16;2300 UTC;0;972,5;972,5;971,8;3;29,3;17,4;32,4;29,3;17,5;16,6;49;39;49;;4;,2;
2024/02/17;0000 UTC;0;973,4;973,4;972,5;;28;17,4;30,4;27,7;17,7;16,8;54;44;53;;2,7;,4;
2024/02/17;0100 UTC;0;973,9;973,9;973,5;;26,4;17,4;28;26,4;18;17,2;59;52;58;;1,6;0;
2024/02/17;0200 UTC;0;974,4;974,4;973,9;;24,5;18,2;26,4;24;18,6;17,4;71;58;68;;1,2;0;
2024/02/17;0300 UTC;0;974,6;974,7;974,4;;22,9;19,1;24,5;22,9;19,3;17,8;79;68;79;;1,2;0;
2024/02/17;0400 UTC;0;974,1;974,6;974,1;;22,4;19,5;22,9;22,1;19,5;18,4;84;77;83;;0;0;
2024/02/17;0500 UTC;0;973,8;974,1;973,8;;23,3;18;23,3;21,9;19,5;18;84;72;72;;2,2;,3;
2024/02/17;0600 UTC;0;973,5;973,9;973,5;;21,2;18,3;23,3;21,1;18,3;17,4;83;72;83;;1,6;0;
2024/02/17;0700 UTC;0;973,3;973,6;973,3;;20,7;18,3;21,2;20,5;18,5;18,1;87;83;86;;1;0;
2024/02/17;0800 UTC;0;973,7;973,7;973,3;;19,9;18,2;20,9;19,9;18,4;17,7;90;85;90;;1,5;0;
2024/02/17;0900 UTC;0;973,7;973,7;973,6;;20;17,9;20,1;19,9;18,3;17,9;90;88;88;;,4;0;
2024/02/17;1000 UTC;0;973,9;974;973,6;49,2;20,9;19,4;20,9;19,6;19,4;17,6;91;88;91;;0;0;
2024/02/17;1100 UTC;0;974,3;974,3;973,9;536,1;24,5;19,4;24,5;21;20,1;19,1;91;73;73;;2,4;,2;
2024/02/17;1200 UTC;0;974,7;974,8;974,3;1136,1;26,6;19,7;26,8;24,6;20,3;18,7;74;65;66;;2,2;,2;
2024/02/17;1300 UTC;0;974,9;975,1;974,7;1806,5;29,4;20,6;29,6;26,6;21,7;19,6;67;59;59;;3,4;,6;
2024/02/17;1400 UTC;0;974,5;975;974,5;2103,4;32;21,2;32;29,1;21,6;20;62;50;53;;5,4;,6;
2024/02/17;1500 UTC;0;974,3;974,6;974,3;1839,6;33,3;19,8;33,3;31,3;21,7;19,1;54;45;45;;4,4;,7;
2024/02/17;1600 UTC;0;973,6;974,3;973,6;3069,2;33,7;19,8;34,3;32,5;21,1;18,8;50;42;44;;5,2;2,4;
2024/02/17;1700 UTC;0;972,2;973,6;972,2;3360,3;34,3;20,2;34,6;33,7;21,7;19,4;48;42;44;;8,6;4,2;
2024/02/17;1800 UTC;0;971,2;972,2;971,2;3235;35,3;19;35,5;33,9;21;18,7;45;38;38;;10,6;5,1;
2024/02/17;1900 UTC;0;970,8;971,3;970,7;1920;33,3;18,6;35,6;33,3;19,5;18;43;37;42;;8,5;5,1;
2024/02/17;2000 UTC;0;969,7;970,8;969,6;1499,4;33,7;19,8;34,4;32,9;20,9;18,5;47;41;44;;8,5;4,6;
2024/02/17;2100 UTC;0;969,4;969,8;969,2;1233,2;34;20,7;34,1;33,7;20,9;19,9;47;44;46;;7,3;2;
2024/02/17;2200 UTC;0;969,8;969,8;969,3;161,8;29,6;20,5;34,2;29,5;21,1;19,3;59;44;58;;3,4;,6;
2024/02/17;2300 UTC;0;971;971;969,8;;28,6;22,2;29,6;28,6;22,2;20,3;68;57;68;;2,5;0;
2024/02/18;0000 UTC;0;971,3;971,5;971;;27,3;20,9;29,6;27,3;21,9;20,5;68;59;68;;5,9;1,2;
2024/02/18;0100 UTC;0;972,4;972,4;971,3;;26,4;21,2;27,5;26,4;21,2;20,8;73;68;73;;3,5;1,3;
2024/02/18;0200 UTC;0;973,1;973,1;972,4;;26,5;21,5;27,1;26,3;21,5;21,1;74;70;74;;3,3;1,1;
2024/02/18;0300 UTC;4,6;973,6;973,7;973,1;0;24;23,3;26,8;24;23,3;21,3;96;72;96;;5,1;1,4;
2024/02/18;0400 UTC;,6;972,9;973,6;972,8;,1;24,4;12,6;24,4;23,8;23,6;8,4;98;37;48;;5,1;2,2;
2024/02/18;0500 UTC;0;972,5;972,9;972,5;3,2;24;19,1;24,4;24;19,8;12,6;77;48;74;;5,9;3;
2024/02/18;0600 UTC;0;972,2;972,5;972,2;4,2;23;18,7;24;23;20,6;18,7;84;72;76;;5,9;2,1;
2024/02/18;0700 UTC;0;971,7;972,2;971,7;,4;22,8;18,7;23,1;22,7;20,9;17,6;89;72;78;;4,4;2;
2024/02/18;0800 UTC;0;971,4;971,7;971,4;;22,3;21;22,8;22,2;21;18,4;92;77;92;;4,4;0;
2024/02/18;0900 UTC;0;971,9;971,9;971,4;;22,5;21,3;22,7;22,3;21,4;21;93;91;93;;1,8;0;
2024/02/18;1000 UTC;0;972,6;972,6;971,9;61,7;23,5;22;23,5;22,5;22;21,4;93;91;91;;2,1;,4;
2024/02/18;1100 UTC;0;973,1;973,1;972,6;580,8;24,8;23;24,9;23,5;23;21,8;91;87;90;;4,6;1,7;
2024/02/18;1200 UTC;0;973,7;973,9;973,1;167,8;23,4;22,1;25,2;23,4;23,3;22;93;87;93;;6,2;2,6;
2024/02/18;1300 UTC;0;973,7;973,9;973,5;366,4;24,4;22,6;24,4;23,1;22,6;21,6;94;89;90;;6,2;2,9;
2024/02/18;1400 UTC;0;974;974;973,7;416,9;24,1;22,3;24,9;23,9;22,8;21,5;90;83;90;;6,6;3,3;
2024/02/18;1500 UTC;0;973,8;974,1;973;101,3;24,1;21,9;24,2;24;22,8;21,9;93;88;88;;6,6;2,7;
2024/02/18;1600 UTC;3;974,1;974,1;973,5;129,8;23,2;22,3;24,1;23,1;22,3;21,9;95;88;95;;6,6;2,6;
2024/02/18;1700 UTC;2,6;974,1;975;974,1;209,2;22,5;21,7;23,2;22;22,3;20,6;95;90;95;;6,1;1,2;
2024/02/18;1800 UTC;2,2;973;974,1;973;583,4;22;17,9;22,8;21,9;21,9;17,9;96;77;77;;8;4,8;
2024/02/18;1900 UTC;,6;972,2;973;972,2;644,6;21,9;18,4;22,2;21,8;18,4;17,4;81;75;81;;10,9;7,7;
2024/02/18;2000 UTC;,8;969,1;972,2;969,1;502,8;23;18,7;23,1;21,9;18,7;17,3;81;72;76;;10,9;5,3;
2024/02/18;2100 UTC;0;969,6;969,6;968,8;601,3;23,9;19,1;23,9;23;21,9;18,3;93;74;75;;13,5;5;
2024/02/18;2200 UTC;0;969,5;969,6;969,4;243,5;23,2;19,3;23,9;23,2;20,1;18,8;81;74;79;;7,8;3;
2024/02/18;2300 UTC;0;969,9;970;969,5;2,4;22,3;19,5;23,2;22,3;19,6;19,2;84;79;84;;4,9;1,7;
2024/02/19;0000 UTC;0;971;971;969,9;;22,2;19,6;22,3;22;19,7;19,4;86;84;85;;3,7;1,1;
2024/02/19;0100 UTC;0;971,1;971,3;970,8;;21,9;19,5;22,2;21,9;19,7;19,5;87;85;87;;3,4;0;
2024/02/19;0200 UTC;0;971,7;971,7;971,1;;21,6;19,6;21,9;21,6;19,7;19,5;88;87;88;;1,3;,1;
2024/02/19;0300 UTC;0;972,2;972,2;971,7;;21,2;19,3;21,6;21,2;19,6;19,3;89;88;89;;2,4;1,3;
2024/02/19;0400 UTC;0;971,6;972,2;971,6;;21,6;19,8;21,6;21,2;19,8;19,3;90;89;89;;3,6;2;
2024/02/19;0500 UTC;0;971,2;971,6;971,2;;22,1;19,6;22,1;21,6;19,8;19,6;89;86;86;;3,5;2,1;
2024/02/19;0600 UTC;0;970,4;971,2;970,4;;22,2;20,1;22,2;22;20,1;19,2;89;83;88;;5,4;3,2;
2024/02/19;0700 UTC;0;970,3;970,4;970,1;;21,5;20;22,2;21,5;20,1;19,8;91;88;91;;6;2,8;
2024/02/19;0800 UTC;0;970,8;970,8;970,3;;21,6;20,4;21,6;21,3;20,4;19,9;93;91;93;;4,4;2;
2024/02/19;0900 UTC;0;971;971;970,6;;22,3;18,8;22,3;21,6;20,4;18,8;93;81;81;;3,8;1,6;
2024/02/19;1000 UTC;0;971,5;971,5;971;25,8;22,5;17,1;22,5;22,3;18,7;16,6;81;70;71;;4,2;2,2;
2024/02/19;1100 UTC;0;971,9;972;971,5;169,3;23,2;19,1;23,2;22,5;19,3;17,1;80;72;78;;5,1;2,2;
2024/02/19;1200 UTC;0;972,5;972,5;971,8;626,1;24,4;16,2;24,4;23,2;19,4;14,5;79;57;60;;5,8;3,2;
2024/02/19;1300 UTC;0;972,8;972,9;972,5;1538,1;26,5;15,6;26,5;24,3;16,9;15,4;61;50;51;;5,7;3;
2024/02/19;1400 UTC;0;972,2;972,8;972,2;2067,7;27,7;15,2;28;26,1;22,8;13,4;75;42;46;;6;2,6;
2024/02/19;1500 UTC;0;971,5;972,2;971,5;2650;29,7;16,8;29,8;27,3;22,7;14,9;74;44;46;;5,8;3,1;
2024/02/19;1600 UTC;0;970,7;971,5;970,7;2929,2;30;19,8;31;29,2;20,2;16,3;54;44;54;;5,6;2,1;
2024/02/19;1700 UTC;0;969,8;970,7;969,7;2181,3;31,9;20;31,9;30;21,4;18,8;59;48;50;;9,5;4;
2024/02/19;1800 UTC;0;968,7;969,8;968,7;2369,8;31,2;21,1;32,5;30,2;22,5;19,1;61;47;55;;9,5;1,2;
2024/02/19;1900 UTC;0;967,8;968,7;967,7;2425;33,1;17,8;33,6;31;21,4;16,3;56;36;40;;10,3;5,7;
2024/02/19;2000 UTC;0;967,4;967,8;967,4;1985,1;32,8;18,6;33,4;32,2;18,8;17,2;44;39;43;;10,3;5,5;
2024/02/19;2100 UTC;0;967,4;967,5;967,3;1116,9;31,8;17;32,8;31,8;18,3;16,9;44;40;41;;8,8;4,6;
2024/02/19;2200 UTC;0;967,5;967,5;967,3;299,4;29,4;18,4;31,8;29,4;18,4;17,2;52;41;52;;7,6;1,8;
2024/02/19;2300 UTC;0;968,5;968,5;967,5;2,4;27,4;18,9;29,4;27,4;18,9;18,5;60;52;60;;4,3;1,6;
2024/02/20;0000 UTC;0;969,5;969,5;968,5;;26,2;19,1;27,5;26,2;19,2;18,8;65;59;65;;3;1,6;
2024/02/20;0100 UTC;0;970;970;969,5;;25,2;19;26,3;25,1;19,2;19;69;64;69;;3,5;1,6;
2024/02/20;0200 UTC;0;969,8;970,1;969,8;;24;19,5;25,2;23,8;19,5;19;76;69;76;;3,2;2;
2024/02/20;0300 UTC;0;969,4;969,8;969,4;;23,9;19,4;24,7;23,9;19,6;19,4;76;73;76;;3,2;,8;
2024/02/20;0400 UTC;0;969,1;969,4;969,1;;23,6;19,2;23,9;23,4;19,4;19,2;78;76;76;;3,2;2;
2024/02/20;0500 UTC;0;968,4;969,1;968,4;;23,1;19,2;23,7;23;19,3;19,1;79;76;79;;3,7;2,2;
2024/02/20;0600 UTC;0;968,2;968,4;968,2;;22,4;19,1;23,2;22,3;19,6;19;84;78;82;;4,4;2,1;
2024/02/20;0700 UTC;0;968,1;968,4;968;;22,2;19;22,4;22;19,2;19;83;82;82;;3,9;2,4;
2024/02/20;0800 UTC;0;968,3;968,3;968,1;;21,7;18,9;22,4;21,7;19,1;18,8;84;81;84;;5,1;1,6;
2024/02/20;0900 UTC;0;968,8;968,8;968,3;;21,7;18,8;21,8;21,4;19;18,8;85;84;84;;3,5;2,4;
2024/02/20;1000 UTC;0;969,4;969,4;968,8;38,3;21,5;19;21,7;21,1;19;18,5;86;84;86;;3,6;1,7;
2024/02/20;1100 UTC;0;969,8;969,8;969,4;509,5;23,7;19,8;23,7;21,5;20,4;19;88;78;79;;4;2,4;
2024/02/20;1200 UTC;0;970,2;970,2;969,8;1343,6;26;20,1;26;23,8;20,3;19,6;79;69;70;;4,8;2,8;
2024/02/20;1300 UTC;0;970,1;970,2;970;2178,9;28,6;20,7;28,6;26;20,8;19,8;71;61;62;;5,6;2,5;
2024/02/20;1400 UTC;0;970;970,2;969,9;2867,4;29,7;18,7;30,5;28,3;20,8;18,3;62;50;52;;6,3;3,1;
2024/02/20;1500 UTC;0;969,1;970;969,1;3428,3;31,5;18,2;31,7;29,7;19,4;17,4;52;44;45;;6,7;2,8;
2024/02/20;1600 UTC;0;967,9;969,1;967,9;3478,2;31,6;18,2;32,6;31,1;19,8;17,6;49;42;45;;8,2;2,4;
2024/02/20;1700 UTC;0;967,8;968;967,6;1139,3;28,2;20,1;31,5;28,1;20,2;18,1;62;45;62;;9,6;4,3;
2024/02/20;1800 UTC;0;966,9;967,8;966,9;2401;28,2;18,4;30,6;28,1;20,9;18;63;50;55;;9,6;3;
2024/02/20;1900 UTC;0;965,9;966,9;965,9;1459;30,7;18,1;30,9;28,2;20;17,2;58;45;47;;6,9;1,3;
2024/02/20;2000 UTC;0;965,6;965,9;965,5;1213,5;30,7;17,8;32,2;30,6;19,1;17,3;48;42;46;;6;3,1;
2024/02/20;2100 UTC;0;966,3;966,3;965,6;872,1;29,8;17,7;31,2;29,6;20,1;17,2;53;46;48;;8,6;3,1;
2024/02/20;2200 UTC;0;967;967;966,3;173;28,1;18,2;29,8;28,1;18,5;16,7;55;47;55;;5,8;1,1;
2024/02/20;2300 UTC;0;968,1;968,1;967;1;26,2;19;28,1;26,2;19,2;18,4;65;55;65;;3,9;0;
2024/02/21;0000 UTC;0;968,6;968,6;968,1;;23,7;19,9;26,2;23,7;20;19;79;64;79;;,9;0;
2024/02/21;0100 UTC;0;969,9;969,9;968,6;;23,7;19,1;24,2;22,9;20,3;19,1;85;74;75;;6;2,5;
2024/02/21;0200 UTC;0;970,4;970,4;969,9;;22,7;18,5;23,7;22,6;19,1;18,5;79;75;78;;5,2;1,1;
2024/02/21;0300 UTC;0;969,7;970,4;969,7;;22;18,6;22,7;21,9;18,6;18,5;81;78;81;;3,1;0;
2024/02/21;0400 UTC;0;969,3;969,8;969,2;;20,4;18,2;22;20,4;18,7;18,1;87;81;87;;2,4;,6;
2024/02/21;0500 UTC;0;968,8;969,3;968,8;;20,6;18,6;20,7;20,2;18,8;18,1;90;87;88;;1,5;0;
2024/02/21;0600 UTC;0;968,3;968,8;968,3;;19,9;18,6;20,6;19,6;18,6;18,2;92;88;92;;1,5;,3;
2024/02/21;0700 UTC;0;968,4;968,5;968,3;;19,8;18,7;20;19,4;18,8;18,2;94;92;93;;2,7;,4;
2024/02/21;0800 UTC;0;968,8;968,8;968,4;;19,5;18,5;19,9;19,4;18,7;18,5;94;93;94;;2;,8;
2024/02/21;0900 UTC;0;969;969;968,8;;19,1;18,2;19,5;19,1;18,5;18,2;95;94;95;;2,5;,2;
2024/02/21;1000 UTC;0;969,8;969,8;969;39,7;19,5;18,8;19,5;18,3;18,8;17,4;96;95;96;;1,8;,8;
2024/02/21;1100 UTC;0;970,5;970,5;969,8;505,5;22,5;20;22,5;19,5;20;18,8;96;86;86;;1,5;0;
2024/02/21;1200 UTC;0;971,2;971,2;970,5;1355,3;24,3;19,7;24,7;22,4;20,5;19,1;86;75;75;;1,9;,5;
2024/02/21;1300 UTC;0;971;971,2;971;2135,2;26,6;20,3;26,6;24,3;20,8;19,7;76;69;69;;3;1,3;
2024/02/21;1400 UTC;0;970,7;971;970,7;2757,5;29,1;20,1;29,3;26,5;21,3;19,5;71;58;58;;3;1;
2024/02/21;1500 UTC;0;969,7;970,7;969,7;2905;30,4;19,5;30,7;28,7;21,3;19,2;61;52;52;;5,8;1,6;
2024/02/21;1600 UTC;0;968,9;969,7;968,9;3117,9;32,1;18,5;32,6;30;21,1;17,5;56;42;44;;7,2;3;
2024/02/21;1700 UTC;0;967,9;968,9;967,9;3024,2;31,8;18;33,1;31,1;20,5;17,5;50;42;44;;6,2;2,7;
2024/02/21;1800 UTC;0;966,8;967,9;966,8;2736,1;32,3;19,3;33,4;31,4;20,8;17,6;50;41;46;;8,8;2,4;
2024/02/21;1900 UTC;0;966;966,8;966;2931,4;33,5;19,1;34,1;32,3;19,9;17,7;47;39;43;;7,3;3,5;
2024/02/21;2000 UTC;0;965,7;966;965,6;1726,4;31,8;18,8;33,8;31,8;19,9;17,8;46;41;46;;6,7;2,6;
2024/02/21;2100 UTC;0;966;966;965,7;379,4;30,8;19,6;31,8;30,6;20;18,9;53;46;51;;5,9;1,3;
2024/02/21;2200 UTC;0;966,6;966,6;966;138,9;29,2;20,1;31;29,2;20,2;18,9;58;49;58;;3,4;1,9;
2024/02/21;2300 UTC;0;967,6;967,6;966,6;1,7;26,4;20,8;29,2;26,4;21;20,1;72;58;72;;6,8;3,1;
2024/02/22;0000 UTC;0;968,9;968,9;967,6;;26,3;20,7;26,9;26,2;21,1;20,6;73;70;71;;4,8;1,3;
2024/02/22;0100 UTC;0;969,5;969,5;968,9;;25,3;20,9;26,4;24,9;21;20,6;79;71;77;;2,8;1,2;
2024/02/22;0200 UTC;0;969,8;969,8;969,5;;24,7;20,8;25,3;24,4;21;20,7;80;77;79;;3,8;2;
2024/02/22;0300 UTC;0;970,1;970,1;969,8;;23;20,5;24,8;22,9;20,8;20,2;86;78;86;;3,8;1,5;
2024/02/22;0400 UTC;0;969,5;970,1;969,5;;23,4;20,5;24,1;23;20,7;20,1;86;81;84;;2,9;,5;
2024/02/22;0500 UTC;0;969,4;969,5;969,3;;23;20,4;23,9;22,8;20,5;20,3;86;81;85;;3,9;1,4;
2024/02/22;0600 UTC;0;969,2;969,4;969,1;;21,9;20,1;23,2;21,9;20,4;19,8;89;84;89;;2,7;2,1;
2024/02/22;0700 UTC;0;969,1;969,2;969,1;;21,8;20;22,2;21,8;20,2;19,9;89;88;89;;3,3;1,5;
2024/02/22;0800 UTC;0;969,1;969,1;969;;22,4;20,2;22,5;21,8;20,4;20;90;87;87;;4;2,4;
2024/02/22;0900 UTC;0;969,4;969,4;969,1;;22,2;20,2;22,4;22,1;20,3;20,1;89;87;89;;3,5;,3;
2024/02/22;1000 UTC;0;970,1;970,1;969,4;33;23;20,4;23;22,2;20,7;20,2;90;85;85;;1,6;,3;
2024/02/22;1100 UTC;0;970,6;970,6;970,1;554,1;25,4;21,1;25,6;23;21,4;20,4;85;76;77;;3,8;1,6;
2024/02/22;1200 UTC;0;971;971;970,6;1192,4;27,5;22,2;27,5;25,3;22,2;21,1;79;73;73;;5,9;3,4;
2024/02/22;1300 UTC;0;971,2;971,2;971;2148,8;28,9;22,5;29,3;27,5;23,2;21,6;73;67;68;;6,1;2,2;
2024/02/22;1400 UTC;0;971,2;971,4;971,2;2661,4;30,9;22,4;31,3;28,8;23,7;22,1;70;61;61;;6,4;2,4;
2024/02/22;1500 UTC;0;970,2;971,2;970,2;3271,5;32,6;21,4;32,8;30,1;23,5;20,7;65;49;52;;6,4;2,6;
2024/02/22;1600 UTC;0;969,5;970,2;969,5;3007,3;33,2;20,7;33,7;31,3;22,6;20,2;55;45;48;;8;3,9;
2024/02/22;1700 UTC;0;968,8;969,5;968,8;2606,6;32,7;21;34,2;32,1;22,5;19,9;55;45;50;;7,9;1,9;
2024/02/22;1800 UTC;0;968,1;968,8;968,1;2810,3;33;21,1;34,6;32,7;21,8;19,9;51;44;50;;9,1;5,7;
2024/02/22;1900 UTC;0;967,7;968,1;967,7;1852,6;32,3;21,5;34,5;32,1;22,1;20,7;55;47;53;;9,1;2,4;
2024/02/22;2000 UTC;0;967,4;967,9;967,3;1339,6;31,8;20,7;33;30,8;22,1;20,3;56;50;52;;4,8;,6;
2024/02/22;2100 UTC;0;967;967,4;967;1026,1;32,2;21,1;33,3;31,7;21,9;20,5;53;48;52;;3,7;0;
2024/02/22;2200 UTC;0;967,4;967,4;967;124;29,8;21,3;32,2;29,8;22,7;20,9;65;52;61;;2,7;1,2;
2024/02/22;2300 UTC;0;968,7;968,7;967,4;1,3;29,3;22,1;30;29,1;22,1;20,9;65;60;65;;5;1;
2024/02/23;0000 UTC;0;969,5;969,5;968,8;;28;21,4;29,3;28;22,2;21,3;67;65;67;;5,4;1,7;
2024/02/23;0100 UTC;0;970,4;970,4;969,5;;26,8;21,5;28;26,8;21,6;21,3;73;67;73;;4;1;
2024/02/23;0200 UTC;0;970,8;970,9;970,4;;25,4;21,3;26,9;25,1;21,5;21;79;72;78;;2,5;,8;
2024/02/23;0300 UTC;0;971,2;971,2;970,8;;24,8;21,2;25,4;24,6;21,5;21,1;82;78;80;;3,1;,8;
2024/02/23;0400 UTC;0;971,1;971,3;971,1;;24,8;21,3;24,8;24;21,4;21,1;84;80;81;;3;1,2;
2024/02/23;0500 UTC;0;971,4;971,4;971,1;;23,4;21;24,8;23,3;21,3;20,8;86;81;86;;2,8;0;
2024/02/23;0600 UTC;0;971,6;971,7;971,4;;22,8;21;23,6;22,8;21,3;20,9;90;86;90;;2;0;
2024/02/23;0700 UTC;0;971,6;971,8;971,5;;22,7;20,9;23,3;22,6;21,5;20,8;91;89;89;;1,3;0;
2024/02/23;0800 UTC;0;972,1;972,1;971,6;;22,4;21;22,7;21,9;21,2;20,4;93;89;92;;,6;0;
2024/02/23;0900 UTC;0;972,6;972,6;972,1;;22;20,7;22,4;21,9;21,1;20,6;93;92;92;;,8;0;
2024/02/23;1000 UTC;0;973,4;973,4;972,6;36,3;22,5;21,4;22,5;21,6;21,4;20,4;94;92;94;;0;0;
2024/02/23;1100 UTC;0;974,1;974,1;973,4;514,8;26,2;22,3;26,2;22,5;22,7;21,4;94;79;79;;,5;0;
2024/02/23;1200 UTC;0;974,7;974,7;974,1;1302,5;28,4;22,6;28,4;26,1;23;22,2;80;71;71;;6,2;4;
2024/02/23;1300 UTC;0;975,1;975,1;974,7;2119,4;30,9;23,1;31,1;28,3;23,6;22,5;72;63;63;;7,3;4;
2024/02/23;1400 UTC;0;975,1;975,2;975;2829,1;32,6;22,6;32,8;30,6;23,7;22,3;65;56;56;;9,3;3,6;
2024/02/23;1500 UTC;0;974,6;975,1;974,6;3270,9;33,7;22,5;33,7;31,6;23,4;21,1;58;51;52;;9;4,8;
2024/02/23;1600 UTC;0;973,8;974,6;973,8;3810,5;34,2;21,6;34,7;33,3;22,9;21,1;53;47;48;;8,9;3,9;
2024/02/23;1700 UTC;0;972,7;973,8;972,7;3782,1;35,3;21,7;35,6;34,1;22,3;19,3;49;41;45;;8,6;3,4;
2024/02/23;1800 UTC;0;971,9;972,7;971,9;3435,2;35,5;20,3;36;34,8;21,9;19,7;45;39;41;;8,5;3,6;
2024/02/23;1900 UTC;0;971,2;971,9;971,2;2552,3;35,6;19,9;36,4;34,2;20,9;18,8;42;38;40;;9;3,6;
2024/02/23;2000 UTC;0;970,8;971,2;970,8;2047,4;35,7;20,1;36,1;35,2;20,7;19,1;41;37;40;;8;4;
2024/02/23;2100 UTC;0;970,9;971,1;970,7;1202,6;33,8;20;35,8;33,8;20,4;19,2;44;39;44;;9,1;3,2;
2024/02/23;2200 UTC;0;971,7;971,7;970,9;240;32,1;21,3;33,9;32,1;21,3;19,8;53;44;53;;5;,7;
2024/02/23;2300 UTC;0;973;973;971,7;,3;30,2;22,1;32,1;30,2;22,1;21,3;62;53;62;;2,3;,4;
2024/02/24;0000 UTC;0;974,8;974,8;973;;28,1;22,1;30,5;28,1;22,6;21,7;70;62;70;;5,7;1,1;
2024/02/24;0100 UTC;0;976,1;976,1;974,8;;27,3;22,7;28;27,2;22,8;22,1;77;70;76;;5;1,7;
2024/02/24;0200 UTC;0;976;976,5;976;;26,3;22,6;27,3;26,3;22,7;22,6;80;76;80;;6,5;2,3;
2024/02/24;0300 UTC;0;976,6;976,6;976;;25,7;22,3;26,3;25,6;22,6;22,3;82;80;82;;5,1;1,7;
2024/02/24;0400 UTC;0;976,5;976,7;976,5;;25,2;22,2;25,8;25,2;22,3;22,2;83;81;83;;3,8;1,5;
2024/02/24;0500 UTC;0;976,3;976,5;976,3;;24,5;22,3;25,2;24,5;22,3;22,2;87;83;87;;2,7;,7;
2024/02/24;0600 UTC;0;975,6;976,3;975,6;;24;22,2;24,5;24;22,4;22,2;89;87;89;;1,9;,1;
2024/02/24;0700 UTC;0;975,2;975,6;975,2;;23,7;22,1;24;23,5;22,3;21,7;91;89;91;;2,2;,9;
2024/02/24;0800 UTC;0;975,8;975,8;975,2;;23,9;22,1;24,1;23,7;22,3;22;91;89;89;;3,6;,8;
2024/02/24;0900 UTC;0;976,5;976,5;975,8;;23,8;22,2;23,9;23,5;22,3;21,9;91;89;91;;3;1,1;
2024/02/24;1000 UTC;0;976,9;976,9;976,5;31;24,3;22,4;24,3;23,8;22,4;22,2;91;90;90;;3;1,3;
2024/02/24;1100 UTC;0;977,4;977,5;976,9;230;25,7;22,8;25,7;24,3;22,8;22,4;90;84;84;;3,4;1,6;
2024/02/24;1200 UTC;0;977,9;977,9;977,4;827,6;28,7;23,9;28,8;25,7;24,4;22,7;84;75;75;;3,9;1,8;
2024/02/24;1300 UTC;0;978,2;978,2;977,9;2184,8;31,5;24;31,5;28,6;24,2;23,1;76;64;65;;5,3;1,9;
2024/02/24;1400 UTC;0;978,3;978,3;978,1;2755,1;32,2;22,7;32,8;30,8;24,1;22,7;65;57;57;;5,4;2,7;
2024/02/24;1500 UTC;0;977,9;978,3;977,9;2574,6;33,7;23,2;33,9;32;24;21,8;60;53;54;;5,5;2,5;
2024/02/24;1600 UTC;0;976,9;978;976,9;3004,7;34;23,1;34,2;32,7;23,8;21,3;57;49;53;;5,9;1,6;
2024/02/24;1700 UTC;0;975,4;976,8;975,4;3624,5;35;22,5;35,7;33,8;23,9;21,8;53;46;49;;6,8;2,4;
2024/02/24;1800 UTC;0;974,6;975,4;974,6;2018,7;35,1;22,9;35,3;30;24,9;21,9;68;47;50;;10;2;
2024/02/24;1900 UTC;0;974,2;974,6;974,1;1781,2;32,2;21,1;36,1;32,1;23;21,1;54;43;52;;9,6;5,3;
2024/02/24;2000 UTC;0;974,5;974,5;974;899,2;31,2;23;34,2;31;23,6;20,9;65;47;62;;9,6;3,2;
2024/02/24;2100 UTC;,6;975,8;976,2;974,3;146,7;24,8;23;31,2;24,8;23,2;21,6;90;61;90;;9,2;3,9;
2024/02/24;2200 UTC;27,8;977;978,2;975,8;9,9;21,7;17,6;25,2;21,7;23,1;17,5;93;75;77;;18,4;9,1;
2024/02/24;2300 UTC;2,8;976,9;977,1;976,4;;23,1;17,2;23,2;21,7;19,6;16,2;87;66;69;;18,4;1,7;
2024/02/25;0000 UTC;0;977,7;977,7;976,9;;24,1;18,7;24,1;23,1;19,3;17,1;75;69;72;;4,1;1,3;
2024/02/25;0100 UTC;0;978,1;978,2;977,6;;23,5;18,4;24,1;23,5;19,2;18,4;76;72;73;;2,8;,3;
2024/02/25;0200 UTC;0;978,8;978,9;978,1;;23,1;17,6;23,5;23,1;19,1;17,6;78;71;71;;2,6;0;
2024/02/25;0300 UTC;0;979,5;979,6;978,8;;23,4;17,9;23,5;23;18,3;17,5;73;71;71;;2,8;2,1;
2024/02/25;0400 UTC;20,4;980,4;980,5;979,5;1,7;22;17,5;24;22;18,6;17,2;77;69;75;;16,6;7,9;
2024/02/25;0500 UTC;17,4;979,1;980,4;979,1;;22,6;22,5;22,6;21,5;22,6;17,6;100;75;100;;14,1;2,6;
2024/02/25;0600 UTC;1;978,6;979,3;978,6;;22,3;22,3;22,8;22,2;22,7;22,2;100;100;100;;4,8;1,4;
2024/02/25;0700 UTC;0;979,2;979,2;978,3;;22;22;22,3;21,9;22,3;21,9;100;100;100;;3,2;,5;
2024/02/25;0800 UTC;0;979,6;979,6;979,1;;22,1;22,1;22,2;22;22,2;22;100;100;100;;2,7;,4;
2024/02/25;0900 UTC;0;979,4;979,7;979,4;;21,8;21,8;22,1;21,8;22,1;21,8;100;100;100;;1,2;0;
2024/02/25;1000 UTC;0;979;979,4;978,9;26,6;22,1;22;22,2;21,8;22,1;21,8;100;100;100;;1,7;,1;
2024/02/25;1100 UTC;0;979,3;979,3;978,9;386,8;22,7;22,7;22,7;22;22,7;22;100;100;100;;1,8;,9;
2024/02/25;1200 UTC;,2;979,8;979,8;979,3;1182,5;24,4;18,9;24,7;22,6;23;18,9;100;71;71;;2,1;,2;
2024/02/25;1300 UTC;0;980,4;980,4;979,8;1776;26,8;19,4;26,8;24,4;19,8;18,1;72;62;64;;2,5;,8;
2024/02/25;1400 UTC;0;980,6;980,7;980,4;2708,9;29,2;18,7;29,3;26,9;20,4;17,8;65;51;53;;3,7;1,7;
2024/02/25;1500 UTC;,2;980,2;980,6;980,2;3147,7;30,3;17,3;31,2;29,1;20,5;16,9;54;45;46;;4,4;1,4;
2024/02/25;1600 UTC;0;979,5;980,2;979,5;3416,5;31,7;18,4;31,9;30;19,2;16,4;48;41;45;;7,1;3,4;
2024/02/25;1700 UTC;0;978,6;979,5;978,6;2915,7;32,2;18,6;32,3;31,1;19,8;17,4;50;42;44;;7,1;2,8;
2024/02/25;1800 UTC;0;977,6;978,6;977,6;1832,9;32,1;20,5;32,5;31,5;21,6;17,8;54;42;50;;5,6;2,4;
2024/02/25;1900 UTC;0;976,4;977,6;976,4;1329,9;32,5;20,5;32,8;31,3;22,2;20,2;55;49;49;;5;1,4;
2024/02/25;2000 UTC;0;975,8;976,4;975,8;1614,7;32,7;21;33,3;32,3;21,5;20,1;52;48;50;;4,9;1,9;
2024/02/25;2100 UTC;0;975,3;975,8;975,2;1173,6;32,5;20,6;33;32,4;21,2;20;51;47;50;;4,9;1,1;
2024/02/25;2200 UTC;0;975,7;975,7;975,2;313,3;29,8;21,1;32,5;29,8;21,4;19,9;60;48;60;;3,3;0;
2024/02/25;2300 UTC;0;976,5;976,5;975,7;;27,4;22,1;29,8;27,4;22,5;20,8;74;60;73;;,2;0;
2024/02/26;0000 UTC;0;977,1;977,1;976,5;;26,5;22,8;28,1;26,5;22,8;21,9;80;72;80;;1,5;0;
2024/02/26;0100 UTC;0;977,8;977,8;977,1;;26,1;22,4;26,4;25,8;22,9;22,4;83;80;80;;2,8;0;
2024/02/26;0200 UTC;0;977,9;977,9;977,7;;25,1;22,4;26,1;25,1;22,8;22,2;86;80;85;;,8;0;
2024/02/26;0300 UTC;0;977,6;977,9;977,6;;24,4;22,6;25,1;24,4;22,7;22,2;90;85;90;;1,7;0;
2024/02/26;0400 UTC;0;977,3;977,6;977,2;;23,7;22;24,4;23,7;22,6;22;91;89;90;;,3;0;
2024/02/26;0500 UTC;0;977,1;977,4;977;;23,3;21,9;23,8;23,3;22,3;21,9;92;90;92;;,6;0;
2024/02/26;0600 UTC;0;976,9;977,2;976,8;;23;21,8;23,4;23;22,1;21,7;93;92;93;;1,5;,1;
2024/02/26;0700 UTC;0;976,9;977;976,9;;22,8;21,6;23,2;22,8;22;21,6;93;93;93;;,8;0;
2024/02/26;0800 UTC;0;976,9;976,9;976,8;;22,5;21,3;23;22,5;21,9;21,3;93;93;93;;,5;0;
2024/02/26;0900 UTC;0;977,2;977,3;976,9;;22,3;21,1;22,7;22,2;21,5;21,1;93;93;93;;0;0;
2024/02/26;1000 UTC;0;978;978;977,2;29,6;22,5;21,3;22,7;22,3;21,6;21,1;94;93;93;;,3;0;
2024/02/26;1100 UTC;0;978,7;978,7;977,9;326,2;24,3;22,9;24,3;22,5;22,9;21,3;93;92;92;;0;0;
2024/02/26;1200 UTC;0;979,5;979,5;978,7;736,9;26,1;22,9;26,1;24,3;23,2;22,6;92;82;83;;1;0;
2024/02/26;1300 UTC;0;979,7;979,8;979,5;1187,4;28,9;23,6;28,9;26,1;23,6;22,6;83;73;73;;2,6;,1;
2024/02/26;1400 UTC;0;979;979,7;979;2312,5;30,7;22,8;30,7;28,5;24,1;22,4;73;63;63;;2,6;,3;
2024/02/26;1500 UTC;0;978,4;979;978,4;3472,5;32,4;22,6;32,7;30,7;23,7;21,5;65;52;56;;3,8;1,3;
2024/02/26;1600 UTC;0;977,4;978,4;977,4;3462,9;33,8;18,9;34;32,1;22,8;18,9;57;42;42;;3,9;,2;
2024/02/26;1700 UTC;0;976,3;977,4;976,3;2950,9;34,3;18,4;34,9;33,7;21,7;18;47;38;39;;4,2;1,5;
2024/02/26;1800 UTC;0;975,2;976,3;975,2;2791,3;34,9;18,2;35,5;34,3;19,7;15,4;40;31;37;;4,2;,9;
2024/02/26;1900 UTC;0;974,3;975,2;974,3;2300,2;35,2;18,8;35,6;34,7;20,8;16,2;43;33;38;;4,8;1,2;
2024/02/26;2000 UTC;0;973,8;974,4;973,8;2083,2;32,8;20;35,5;32,3;22,3;19;52;38;47;;7,5;1,9;
2024/02/26;2100 UTC;0;973,4;973,8;973,3;904,9;31,8;21;33,3;31,8;21,1;19,5;53;45;53;;4,6;,7;
2024/02/26;2200 UTC;0;973,3;973,4;973,3;272,4;29,2;22,2;32,3;29,2;22,9;20;68;49;66;;2,3;0;
2024/02/26;2300 UTC;0;973,6;973,6;973,2;;27,5;22,6;29,4;27,4;23,2;21,9;77;64;75;;1,8;0;
2024/02/27;0000 UTC;0;974,3;974,3;973,6;;27;22,6;28;26,9;23;22,5;79;73;77;;1,2;0;
2024/02/27;0100 UTC;0;975;975,1;974,3;;26;23;27,1;26;23,4;22,5;84;77;84;;1,1;0;
2024/02/27;0200 UTC;0;975;975,1;974,9;;25,6;23,2;26,2;25,6;23,6;23,1;88;84;87;;0;0;
2024/02/27;0300 UTC;0;975,1;975,2;974,9;;24,8;22,8;26,1;24,8;23,2;22,6;88;81;88;;1,3;0;
2024/02/27;0400 UTC;0;974,8;975,1;974,8;;24,8;22,6;25;24,6;23;22,4;89;87;87;;1,6;0;
2024/02/27;0500 UTC;0;974,5;974,9;974,5;;24,4;22,6;24,9;24,4;22,9;22,5;90;87;90;;0;0;
2024/02/27;0600 UTC;0;974,1;974,5;974,1;;24;22,4;24,5;23,9;22,7;22,2;91;90;90;;0;0;
2024/02/27;0700 UTC;0;973,9;974,1;973,8;;23,6;22,1;24,3;23,6;22,5;22,1;91;89;91;;,5;0;
2024/02/27;0800 UTC;0;973,8;973,9;973,7;;23,3;21,9;23,8;23,3;22,4;21,9;92;91;92;;1,8;,6;
2024/02/27;0900 UTC;0;973,8;973,8;973,7;;22,9;21,6;23,3;22,9;22;21,6;93;92;93;;1,8;0;
2024/02/27;1000 UTC;0;974,2;974,4;973,8;29,9;23,1;21,9;23,1;22,8;21,9;21,5;93;92;93;;1,2;0;
2024/02/27;1100 UTC;0;974,9;975;974,2;421,2;26,3;23,4;26,3;23,1;23,6;21,9;93;84;84;;0;0;
2024/02/27;1200 UTC;0;975,3;975,3;974,8;1401,2;29,6;23;29,7;26,3;23,6;22,6;84;66;68;;1,9;0;
2024/02/27;1300 UTC;0;975,3;975,5;975,3;2165,1;31,8;23,7;31,8;29,6;24,1;22,6;68;62;62;;4,2;1,3;
2024/02/27;1400 UTC;0;975,2;975,4;975,1;2797,5;32,7;23,6;33;31,3;23,8;22,7;63;56;59;;4,9;1,8;
2024/02/27;1500 UTC;0;974,6;975,2;974,6;3306,6;33,8;22,3;34;32,6;23,9;22,3;59;51;51;;4,6;1,5;
2024/02/27;1600 UTC;0;973,7;974,6;973,7;3450,5;35;22,2;35,4;33,8;23,4;21,5;54;45;48;;4,8;1,9;
2024/02/27;1700 UTC;0;972,7;973,7;972,7;3636,9;35,9;20,6;36,2;34,8;22,4;18,3;48;35;41;;5,5;1,3;
2024/02/27;1800 UTC;0;971,5;972,7;971,5;3093,8;36,9;19,4;36,9;35,4;21,2;17,3;42;32;36;;4,5;1,2;
2024/02/27;1900 UTC;0;971;971,5;971;2775,8;36,6;18,7;37,1;36,4;19,1;16;36;29;35;;5;1,6;
2024/02/27;2000 UTC;0;970,8;971;970,6;1753,7;36,5;19,1;37;36,1;20,6;17,6;40;33;36;;3,7;1;
2024/02/27;2100 UTC;0;971,7;971,8;970,8;839,3;29,9;21,5;36,6;29,7;21,5;18,4;62;35;61;;16,5;9,1;
2024/02/27;2200 UTC;0;972,3;972,3;971,7;189;28,4;22,3;29,9;28,2;22,5;21,6;71;61;69;;16,5;4,7;
2024/02/27;2300 UTC;0;972,9;972,9;972,1;;27,7;22,1;28,4;27,3;22,6;22,1;76;69;72;;7,4;,5;
2024/02/28;0000 UTC;0;974,1;974,3;972,9;;27,9;22,1;28;27,6;22,3;22,1;73;70;70;;3,3;,8;
2024/02/28;0100 UTC;0;975;975,2;974,1;;26,2;21,6;28,3;26,2;22,3;21,6;77;70;76;;5,1;2,4;
2024/02/28;0200 UTC;0;975,2;975,3;975;;25,5;21,7;26,2;25,5;21,8;21,5;80;76;80;;4,7;1;
2024/02/28;0300 UTC;0;974,6;975,3;974,6;;25,1;21,7;25,5;25;22;21,7;83;80;81;;4,3;1,9;
2024/02/28;0400 UTC;0;974,1;974,5;974,1;;25,2;22,2;25,2;24,7;22,3;21,6;85;81;84;;4,3;,9;
2024/02/28;0500 UTC;0;972,3;974,1;972,3;;24,7;22,1;25,2;24,7;22,2;22;85;83;85;;2,4;,4;
2024/02/28;0600 UTC;0;972,6;972,8;972,3;;24,3;22,1;24,7;24,2;22,3;22;88;85;87;;1,9;,1;
2024/02/28;0700 UTC;0;972,8;972,8;972,4;;23,6;21,8;24,3;23,6;22,2;21,8;90;87;89;;3,8;0;
2024/02/28;0800 UTC;0;973,2;973,2;972,8;;23,1;21,6;23,6;23,1;21,8;21,6;91;89;91;;2,3;,5;
2024/02/28;0900 UTC;0;974,1;974,1;973,2;;22,9;21,2;23,1;22,8;21,6;21,2;91;90;91;;2,3;0;
2024/02/28;1000 UTC;0;974,6;974,6;974,1;36,7;23,2;21,5;23,2;22,6;21,5;21;91;90;90;;,7;0;
2024/02/28;1100 UTC;0;975,4;975,4;974,6;495;26,1;22,8;26,1;23,2;23;21,5;90;82;82;;1,8;,1;
2024/02/28;1200 UTC;0;975,8;975,8;975,4;1273;28,8;21,8;28,8;26,1;22,9;21,1;82;65;66;;1,4;0;
2024/02/28;1300 UTC;0;976;976;975,8;1885,7;30,2;21,4;30,2;28,7;22,4;20,8;67;58;59;;1,9;0;
2024/02/28;1400 UTC;0;975,8;976;975,8;2567,7;32,3;22,6;32,3;30;22,9;21,3;62;55;57;;3,9;,2;
2024/02/28;1500 UTC;0;975,4;975,9;975,4;3232,5;33,5;22,6;33,5;31,4;23;21,1;57;49;53;;4,1;,1;
2024/02/28;1600 UTC;0;974,6;975,4;974,6;3461,6;34,3;21,7;34,8;33,2;23,4;21,7;55;47;48;;5,8;2,7;
2024/02/28;1700 UTC;0;973,7;974,6;973,7;3492,9;35,4;21,4;35,6;33,8;23,5;20,9;52;43;44;;6,1;2,6;
2024/02/28;1800 UTC;0;972,4;973,7;972,4;3231,2;36,2;20,1;36,6;34,9;22,9;20,1;48;39;39;;6,4;1,6;
2024/02/28;1900 UTC;0;972,1;972,5;972;2665,9;36,5;20,7;36,9;35,4;22;19,6;44;38;40;;5;1;
2024/02/28;2000 UTC;0;972,5;972,6;971,7;1312,4;30,3;21,8;37,2;30,3;21,8;19,3;60;36;60;;9,2;4,6;
2024/02/28;2100 UTC;,8;973,2;973,2;972,2;142,9;27,5;23,3;30,3;26,2;23,8;20,4;85;57;78;;9,2;1,4;
2024/02/28;2200 UTC;0;972,9;973,7;972,9;47,3;26,5;22;28,1;26,5;23,5;21,9;79;71;76;;7,5;1,9;
2024/02/28;2300 UTC;,4;973,6;973,6;972,9;;25,7;22,6;26,5;25,4;22,7;21,9;84;76;83;;4,4;,1;
2024/02/29;0000 UTC;0;974,3;974,4;973,5;;25,3;23,1;25,9;25,2;23,3;22,5;88;82;87;;2,6;,4;
2024/02/29;0100 UTC;0;974,4;974,5;974,2;;24,8;22,6;25,3;24,8;23,1;22,5;88;86;88;;2,5;0;
2024/02/29;0200 UTC;0;974,9;974,9;974,3;;24,3;22,2;25,1;24,3;22,8;22,2;89;86;89;;3,4;,6;
2024/02/29;0300 UTC;0;975;975;974,8;;23,6;21,4;24,3;23,6;22,2;21,4;89;86;88;;3,9;0;
2024/02/29;0400 UTC;0;975,1;975,1;974,8;;23,5;21,6;24,3;23,5;21,8;21,4;89;84;89;;2,1;0;
2024/02/29;0500 UTC;0;975,3;975,4;975;;23,3;21,8;23,6;23,3;21,9;21,6;91;89;91;;1,3;,2;
2024/02/29;0600 UTC;0;974,9;975,3;974,9;;22,9;21,5;23,3;22,9;21,8;21,5;92;91;92;;2,2;0;
2024/02/29;0700 UTC;0;974,9;975;974,9;;22,9;21,6;23;22,8;21,7;21,5;92;92;92;;1;0;
2024/02/29;0800 UTC;0;975;975;974,9;;22,8;21,4;23,1;22,8;21,7;21,4;92;91;92;;1,9;0;
2024/02/29;0900 UTC;0;975,5;975,5;975;;22,5;21,3;22,9;22,5;21,6;21,3;93;92;93;;1,7;,9;
2024/02/29;1000 UTC;0;976;976;975,5;35,6;22,7;21,7;22,7;22,3;21,7;21,1;94;93;94;;1,7;,1;
2024/02/29;1100 UTC;0;976,4;976,5;976;460,7;25,1;22,5;25,1;22,7;22,6;21,6;94;85;86;;1,7;,1;
2024/02/29;1200 UTC;0;976,8;976,8;976,3;1216,8;28,7;23;28,7;25,1;23,6;22,4;86;70;72;;1,5;,1;
2024/02/29;1300 UTC;0;977;977;976,8;2133,6;30,4;22,6;30,7;28,5;24,4;22,1;72;62;63;;2,6;,4;
2024/02/29;1400 UTC;,2;976,8;977;976,8;2762,4;32,1;22,8;32,6;30,2;23,6;22;65;56;58;;2,8;,9;
2024/02/29;1500 UTC;0;976;976,8;976;3253,3;33,5;23;33,8;31,8;24,6;21,9;60;52;54;;3,5;1,4;
2024/02/29;1600 UTC;0;975,2;976;975,2;3531,4;35,7;22,1;35,7;33,5;23,3;20,5;55;41;45;;5;1,2;
2024/02/29;1700 UTC;0;974,2;975,2;974,2;3490;36,4;18,8;36,9;35,5;22,2;18,8;46;35;36;;6,8;3,1;
2024/02/29;1800 UTC;0;973,3;974,2;973,3;3302,5;37,1;16,6;37,5;36,4;20,4;16,6;40;30;30;;7,5;3,7;
2024/02/29;1900 UTC;0;972,4;973,3;972,3;2748,6;37,3;16;37,7;36,8;18,7;14,8;34;26;28;;7;3;
2024/02/29;2000 UTC;0;971,9;972,4;971,9;1993;37;16,6;37,9;36,9;17,4;15,2;32;26;30;;6,3;2,7;
2024/02/29;2100 UTC;0;971,9;971,9;971,8;945,7;35,9;17,7;37,1;35,4;18,3;15,6;34;28;34;;6,3;3,1;
2024/02/29;2200 UTC;0;971,6;972,1;971,6;126,1;31,6;19,6;35,9;31,6;19,8;16,9;50;34;49;;5,3;1;
2024/02/29;2300 UTC;0;973;973;971,6;;30,3;21,4;31,6;29,7;21,5;19,1;59;49;59;;4,7;1,1;
2024/03/01;0000 UTC;0;974,4;974,4;973;;28,5;22;30,3;28;22;21,5;70;59;68;;2,9;,1;
2024/03/01;0100 UTC;0;975,4;975,4;974,4;;27,9;21,3;28,8;27,9;21,9;21,2;68;64;68;;4,1;1,5;
2024/03/01;0200 UTC;0;975,9;975,9;975,4;;26,3;21;28;26,3;21,3;20,6;73;67;73;;4,9;1,2;
2024/03/01;0300 UTC;0;976,4;976,5;975,9;;26;21,1;26,3;26;21,1;21;74;73;74;;4,2;2,2;
2024/03/01;0400 UTC;0;976,3;976,5;976,3;;25,3;20,8;26;25,3;21,1;20,8;77;74;76;;4,2;0;
2024/03/01;0500 UTC;0;975,6;976,3;975,6;;23,8;21,5;25,3;23,7;21,5;20,8;87;76;87;;,5;0;
2024/03/01;0600 UTC;0;974,9;975,6;974,9;;23,3;21,2;23,8;23,2;21,5;21;88;87;88;;1,4;0;
2024/03/01;0700 UTC;0;974,4;974,9;974,4;;22,7;21;23,3;22,7;21,3;20,9;90;88;90;;1,8;0;
2024/03/01;0800 UTC;0;974,5;974,5;974,1;;22,7;20,9;22,8;22,4;21,1;20,9;91;90;90;;1,7;,1;
2024/03/01;0900 UTC;0;975;975,1;974,5;;22,3;20,7;22,7;22,3;21;20,6;91;89;91;;2,2;,1;
2024/03/01;1000 UTC;0;975,6;975,6;975;37,9;22,7;21,4;22,7;22;21,4;20,6;93;91;93;;1,4;0;
2024/03/01;1100 UTC;0;976,8;976,8;975,6;334,6;24,6;21,7;24,6;22,7;21,9;21,4;93;84;84;;3;,9;
2024/03/01;1200 UTC;0;977;977;976,7;839,9;26,2;22;26,3;24,6;22,5;21,5;84;78;78;;3;,6;
2024/03/01;1300 UTC;0;977;977,2;976,9;2121,9;29,3;22,1;29,9;26,2;23,9;21,8;79;65;65;;3,3;,5;
2024/03/01;1400 UTC;0;976,6;977;976,6;2798,9;31,8;23,1;31,9;28,9;23,2;21,9;68;57;60;;3,1;,2;
2024/03/01;1500 UTC;0;976,1;976,6;976,1;3240,8;34,1;21,5;34,2;31,8;24,1;21,5;61;48;48;;3,8;2;
2024/03/01;1600 UTC;0;975,2;976,1;975,2;3502,2;35,3;19,6;35,3;33,7;22,7;19,3;52;39;40;;5;1,7;
2024/03/01;1700 UTC;0;974,4;975,2;974,4;3510,6;36,4;19,8;36,4;35,3;20,5;18,2;41;35;38;;5,7;1;
2024/03/01;1800 UTC;0;972,7;974,4;972,7;2930,2;36,7;18,1;37,3;35,7;21,2;17,8;41;33;34;;4,6;,4;
2024/03/01;1900 UTC;0;971,7;972,7;971,7;2714,6;37,5;18,9;37,8;36,5;20,6;17,1;39;31;34;;5,7;,6;
2024/03/01;2000 UTC;0;971,7;971,8;971,5;1400;34,9;20,5;37,6;34,9;20,5;16,5;43;29;43;;8,7;3,6;
2024/03/01;2100 UTC;0;973;973;971,6;531,8;29;19;34,9;29;21,1;18,2;55;43;55;;8,7;4;
2024/03/01;2200 UTC;0;973,6;974;973;127,3;26,9;20,4;29,4;26,9;20,4;18,3;68;51;68;;8,5;3,2;
2024/03/01;2300 UTC;0;973,7;974;973,6;;26,3;20,3;26,9;26,2;20,9;20,3;71;68;70;;6,5;2,1;
2024/03/02;0000 UTC;0;974;974;973,4;;26,1;20,5;26,3;25,1;20,9;20,2;77;70;71;;3,8;,3;
2024/03/02;0100 UTC;0;974,9;974,9;974;;25;20,8;26,6;24,4;21,2;20,2;82;68;78;;2;,3;
2024/03/02;0200 UTC;0;974,6;974,9;974,5;;24,6;20,6;25;24,5;20,9;20,4;80;77;78;;2,8;,4;
2024/03/02;0300 UTC;0;974,9;975;974,6;;23,4;20,8;24,7;23,3;20,8;20,3;85;78;85;;2,5;0;
2024/03/02;0400 UTC;0;974,6;974,9;974,6;;23,1;20,9;23,4;23,1;21;20,7;87;85;87;;2;0;
2024/03/02;0500 UTC;0;974,5;974,6;974,3;;22,9;21;23,4;22,9;21,2;20,9;89;87;89;;2,1;0;
2024/03/02;0600 UTC;0;973,8;974,5;973,7;;22,5;20,8;22,9;22,5;21;20,7;90;89;90;;1,8;,1;
2024/03/02;0700 UTC;0;973,9;974;973,7;;22,5;20,9;22,6;22,3;21;20,7;91;90;91;;1,2;0;
2024/03/02;0800 UTC;0;973,9;974;973,8;;22,6;21,2;22,8;22,4;21,2;20,8;91;90;91;;2,2;1,2;
2024/03/02;0900 UTC;0;974,3;974,4;973,9;;22,6;21,1;22,8;22,6;21,3;21,1;92;91;91;;2,2;0;
2024/03/02;1000 UTC;0;974,9;974,9;974,3;22,3;23;21,6;23;22,4;21,6;21;92;91;92;;0;0;
2024/03/02;1100 UTC;0;975,4;975,4;974,9;312;24,7;21,9;24,7;23;22,2;21,7;92;85;85;;1;0;
2024/03/02;1200 UTC;0;976;976;975,4;1313,7;27,6;22,3;27,7;24,7;23,2;21,9;85;72;73;;3,1;,4;
2024/03/02;1300 UTC;0;976,1;976,2;975,9;2090,8;30,5;20,4;30,9;27,6;23,5;20,1;74;53;55;;2,8;,7;
2024/03/02;1400 UTC;0;975,6;976,1;975,6;2768,4;32,3;22,6;32,4;30,5;23;20,2;60;53;57;;4,5;1,2;
2024/03/02;1500 UTC;0;974,8;975,6;974,8;3246,6;33,8;22,5;33,9;32,1;23,3;21,4;58;49;52;;4,9;1,4;
2024/03/02;1600 UTC;0;974,1;974,9;974,1;3475,3;35;21,5;35,4;33,1;23,5;21,1;54;45;45;;8,3;2,4;
2024/03/02;1700 UTC;0;973,2;974,1;973,2;3549,2;36;20,1;36,7;35;22,9;20,1;47;39;40;;6,5;2,5;
2024/03/02;1800 UTC;0;972,1;973,2;972,1;3300;36,9;19,7;37;35,8;22,2;17,1;44;31;37;;6,2;2,4;
2024/03/02;1900 UTC;0;970,9;972,1;970,9;2697,1;37,7;16,3;38,1;36,7;19,8;16,3;36;28;28;;6,2;,7;
2024/03/02;2000 UTC;0;970,3;970,9;970,3;1955;37;18,4;37,9;36,9;18,8;16,2;34;28;34;;3,9;,5;
2024/03/02;2100 UTC;0;970,3;970,3;970,1;1084,1;36;19;37,2;36;19,7;16,7;38;30;37;;3,5;1,1;
2024/03/02;2200 UTC;0;970,6;970,6;970,3;184,6;31,7;20,6;36;31,7;21,3;18,2;52;36;52;;3,1;0;
2024/03/02;2300 UTC;0;971,4;971,4;970,6;;29,5;21,4;31,7;29,5;22,2;20,3;63;52;62;;1,9;0;
2024/03/03;0000 UTC;0;972,2;972,2;971,4;;28,4;22,2;29,5;28,4;22,7;21,2;71;62;69;;0;0;
2024/03/03;0100 UTC;0;973,3;973,3;972,3;;29,2;21,7;29,6;28;22,9;21,6;73;63;64;;3,5;,7;
2024/03/03;0200 UTC;0;973,9;973,9;973,2;;26,4;22;29,2;26,4;22,2;21,5;77;63;77;;2,9;0;
2024/03/03;0300 UTC;0;973,9;974;973,9;;26,1;21,9;26,7;26;22,3;21,8;79;75;78;;1,2;0;
2024/03/03;0400 UTC;0;973;973,9;973;;26,7;22,4;27,3;25,8;22,7;21,7;83;73;77;;1,5;,2;
2024/03/03;0500 UTC;0;972,7;973;972,6;;26,6;21,6;27,9;26,6;22,3;21,5;77;68;74;;3,7;,7;
2024/03/03;0600 UTC;0;972,6;972,9;972,6;;25,7;21,7;26,6;25,7;21,7;21,4;79;73;78;;3,1;1,3;
2024/03/03;0700 UTC;0;972,6;972,7;972,6;;25,2;21,5;25,7;25,2;21,6;21,4;80;78;80;;3,1;,7;
2024/03/03;0800 UTC;0;973,5;973,5;972,6;;25;22,1;25,3;25;22,6;21,4;86;79;84;;2,3;0;
2024/03/03;0900 UTC;0;973,6;973,7;973,5;;25;22,2;25,4;25;22,4;22;85;82;84;;0;0;
2024/03/03;1000 UTC;0;973,8;974;973,6;29,2;24,8;22,3;25,1;24,6;22,4;21,9;86;84;86;;,7;0;
2024/03/03;1100 UTC;0;974,2;974,2;973,6;490,2;27,6;22,5;27,6;24,8;22,9;22;87;73;74;;4,3;,9;
2024/03/03;1200 UTC;0;974,8;974,9;974,2;1154,6;29,8;22,2;29,8;27,5;23,1;21,9;74;64;64;;2,6;,1;
2024/03/03;1300 UTC;0;975,1;975,2;974,8;1413;30,7;23,4;30,7;29,7;23,5;21,9;67;63;65;;4,5;1,9;
2024/03/03;1400 UTC;0;975;975,1;974,9;2173,7;32,7;22,7;32,8;30,5;23,8;22,3;65;54;56;;5;2,4;
2024/03/03;1500 UTC;0;974,6;975,1;974,6;2631,2;33,8;22,2;34,4;32,6;23,5;21,1;57;47;51;;5,2;1,9;
2024/03/03;1600 UTC;0;974;974,6;974;2371,7;34,5;22,6;34,5;33,6;22,9;21,2;53;47;50;;5,6;1,2;
2024/03/03;1700 UTC;0;972,9;974;972,9;2658,8;36;21,9;36;33,9;22,9;21;53;43;44;;6,1;,5;
2024/03/03;1800 UTC;0;971,8;972,9;971,8;2769,1;35,3;22,3;36,4;35;22,6;20,5;47;40;47;;6,7;2,1;
2024/03/03;1900 UTC;0;971,2;971,8;971;2022,8;35,7;22,1;35,8;35;22,1;20,3;47;41;45;;6,6;,9;
2024/03/03;2000 UTC;0;972,1;972,3;971;528,1;28,3;20,7;36;28,3;22;20;63;42;63;;10;4,8;
2024/03/03;2100 UTC;0;971,7;972,2;971,6;356,4;27,7;20,7;28,3;27,3;20,9;20,2;67;63;66;;7,6;2,2;
2024/03/03;2200 UTC;0;971,6;971,8;971,4;103,4;26,8;21,1;27,8;26,8;21,3;20,7;72;65;71;;3,7;0;
2024/03/03;2300 UTC;0;972,9;972,9;971,5;;26,5;21;27,1;26,2;21,2;20,2;73;66;72;;2;,1;
2024/03/04;0000 UTC;0;973,9;973,9;972,9;;25,6;21,1;26,6;25,4;21,5;21;79;72;77;;3,5;1,2;
2024/03/04;0100 UTC;0;974,2;974,4;973,9;;25,3;21,2;25,6;25,1;21,3;21;79;76;78;;3,2;,4;
2024/03/04;0200 UTC;0;974,8;974,8;974,2;;25,1;21,4;25,4;24,9;21,5;21,1;80;78;80;;2,1;,2;
2024/03/04;0300 UTC;0;974;974,9;974;;24,1;21,5;25,1;24;21,6;21,3;86;80;86;;2,9;,5;
2024/03/04;0400 UTC;0;974,2;974,5;973,9;;23,7;21,3;24,1;23,6;21,6;21,2;87;85;87;;2,5;,6;
2024/03/04;0500 UTC;0;974;974,2;973,8;;23,4;21,2;23,6;23,3;21,4;21,2;88;87;87;;2,6;,2;
2024/03/04;0600 UTC;0;973,2;974,1;973,2;;24,1;21;24,1;23,4;21,3;20,9;88;83;83;;3,5;1;
2024/03/04;0700 UTC;0;972,9;973,2;972,8;;24,7;20,9;25;24;21,2;20,7;84;78;79;;6,3;3,5;
2024/03/04;0800 UTC;,2;972,9;973,2;972,9;;23,5;21,4;24,8;23,4;21,4;20,9;88;79;88;;6;,4;
2024/03/04;0900 UTC;0;973,5;973,6;972,9;;23,3;21,4;23,5;23,3;21,6;21,4;90;88;89;;3;1,9;
2024/03/04;1000 UTC;0;974;974;973,5;13,3;23,4;21,6;23,4;23,2;21,6;21,3;90;89;89;;3,3;,6;
2024/03/04;1100 UTC;0;974,8;974,8;974;184,2;24,2;21,6;24,2;23,4;21,7;21,2;89;85;86;;3,4;2,2;
2024/03/04;1200 UTC;0;975,4;975,4;974,8;397,4;25,3;21,9;25,4;24,2;22,3;21,6;86;81;81;;5,5;3,4;
2024/03/04;1300 UTC;0;976,6;976,6;975,4;653,9;27,3;22;27,3;25,4;22,4;21,9;82;73;73;;5;2,4;
2024/03/04;1400 UTC;0;976,9;976,9;976,6;892,5;26,3;22,3;27,5;26,3;22,7;22,1;79;73;79;;8,4;5,4;
2024/03/04;1500 UTC;0;977;977,3;976,9;2462,9;27,8;22,7;28,1;25,9;23,3;22;81;73;74;;9,6;4,6;
2024/03/04;1600 UTC;0;976,4;977,1;976,4;2269,4;28,6;22,2;28,8;26,8;23;21,9;76;68;68;;8,4;5,1;
2024/03/04;1700 UTC;0;974,9;976,4;974,9;2458,7;28,7;21,5;29;27,9;23;21;71;64;65;;8,3;4,1;
2024/03/04;1800 UTC;0;973,6;974,9;973,6;2243,5;29,7;21,2;29,8;28,1;21,7;20,6;66;59;60;;5,9;1,2;
2024/03/04;1900 UTC;0;972,6;973,6;972,6;2133,4;30,8;20,7;31;29,5;21,8;20,3;62;53;55;;6,1;3,4;
2024/03/04;2000 UTC;0;971,8;972,6;971,8;1605,2;29,6;21,9;30,9;29,5;22,5;20,2;66;53;63;;5,9;1,7;
2024/03/04;2100 UTC;0;971,5;971,8;971,4;1159,3;30,3;21,7;30,7;29,5;22,2;21,4;64;58;60;;3,5;,7;
2024/03/04;2200 UTC;0;971,6;971,6;971,4;256,4;27,7;22;30,3;27,6;22,1;21;72;59;72;;3,4;0;
2024/03/04;2300 UTC;0;972,9;972,9;971,6;;26;22;27,6;26;22,2;21,7;79;72;79;;,5;0;
2024/03/05;0000 UTC;0;973,9;973,9;972,9;;26,9;22,7;26,9;25,5;22,7;21,9;83;78;78;;2,4;,4;
2024/03/05;0100 UTC;0;974,8;974,8;974;;26,9;21,7;27,3;26,6;22,4;21,6;77;71;73;;2,6;0;
2024/03/05;0200 UTC;0;974,9;974,9;974,8;;25,5;21,4;26,9;25,5;22;21,4;78;73;78;;1,8;0;
2024/03/05;0300 UTC;0;974,9;975;974,8;;24,5;22,2;25,5;24,5;22,2;21,3;87;78;87;;0;0;
2024/03/05;0400 UTC;0;974,6;974,9;974,6;;23,8;22;24,5;23,7;22,2;21,8;90;87;90;;0;0;
2024/03/05;0500 UTC;0;974,2;974,6;974,2;;23;21,6;24;23;22,1;21,2;91;87;91;;1,3;0;
2024/03/05;0600 UTC;0;974;974,3;974;;22,8;21,3;23,1;22,6;21,6;21,1;92;91;91;;1,8;,6;
2024/03/05;0700 UTC;0;973,8;974;973,7;;22,6;21,1;23;22,6;21,4;21,1;91;90;91;;1,8;,5;
2024/03/05;0800 UTC;0;973,9;973,9;973,7;;22,3;20,9;22,6;22,2;21,2;20,8;92;91;92;;1,6;0;
2024/03/05;0900 UTC;0;974,6;974,6;973,9;;21,8;20,6;22,3;21,7;20,9;20,4;93;92;93;;0;0;
2024/03/05;1000 UTC;0;974,6;974,6;974,4;24,3;21,9;20,8;21,9;21,5;20,8;20,3;94;93;94;;,9;0;
2024/03/05;1100 UTC;0;975,3;975,3;974,6;463,9;25,3;22,4;25,3;21,9;22,4;20,8;94;84;84;;1,1;0;
2024/03/05;1200 UTC;0;975,8;975,8;975,3;1327,2;29;23;29;25,3;23,5;22,2;84;70;70;;1,8;,1;
2024/03/05;1300 UTC;0;976,5;976,5;975,8;1603,8;29,9;23,4;29,9;28,8;23,8;22,5;73;68;68;;3,4;1,6;
2024/03/05;1400 UTC;0;976,5;976,5;976,4;2795,4;31,4;22;32;29,9;24,2;21,3;68;54;58;;4;1,4;
2024/03/05;1500 UTC;0;975,7;976,5;975,7;2721,9;32,7;23;33;30,8;23,6;21,3;60;53;57;;4,5;1,8;
2024/03/05;1600 UTC;0;974,5;975,7;974,5;3105,8;32,6;21,9;33,6;32,1;23,5;21,9;59;52;53;;5,1;2;
2024/03/05;1700 UTC;0;973,5;974,6;973,5;1588,7;32,3;18,8;33;29,5;22,6;17,8;59;44;45;;9,9;1,6;
2024/03/05;1800 UTC;0;973,2;973,5;973,1;1658,4;28,4;20,8;33,7;28,4;22,4;18,2;64;43;64;;9,1;5,7;
2024/03/05;1900 UTC;0;972,9;973,2;972,7;861;28,7;21,1;29;28;21,4;20,4;66;60;63;;9;3,8;
2024/03/05;2000 UTC;0;974;974,2;972,9;181,2;24,9;21;28,7;24,9;21,6;20,2;79;62;79;;9,1;3,8;
2024/03/05;2100 UTC;0;974,3;974,5;974;71,2;23,7;21,5;24,9;23,7;21,7;20,5;88;78;88;;9,1;1,6;
2024/03/05;2200 UTC;0;974,2;974,4;974,2;46,8;23,2;21,4;23,7;23;21,6;21,2;91;88;90;;5;,3;
2024/03/05;2300 UTC;0;974,2;974,2;974;;22,5;20,7;23,2;22,5;21,5;20,6;91;89;90;;3,2;,5;
2024/03/06;0000 UTC;0;975,3;975,3;974,2;;22,8;20,7;22,8;22,5;20,7;20,3;90;87;88;;2,1;0;
2024/03/06;0100 UTC;0;976;976;975,3;;22,8;21;22,8;22,7;21;20,7;90;88;90;;,9;,1;
2024/03/06;0200 UTC;0;976;976,1;975,9;;22,5;20,7;22,9;22,5;21;20,6;90;88;89;;1,5;0;
2024/03/06;0300 UTC;0;975,3;976,1;975,3;;22,3;20,8;22,6;22,3;20,9;20,6;91;89;91;;1,1;0;
2024/03/06;0400 UTC;0;975,2;975,4;975,2;;22,2;20,8;22,4;22,2;20,9;20,8;92;91;92;;1,1;,2;
2024/03/06;0500 UTC;0;974,4;975,2;974,4;;22;20,8;22,2;21,9;20,9;20,7;93;92;93;;1,2;,2;
2024/03/06;0600 UTC;0;974,1;974,4;974,1;;21,9;20,6;22,2;21,9;20,9;20,6;93;92;92;;1,6;,1;
2024/03/06;0700 UTC;0;973,5;974,1;973,5;;21,6;20,4;21,9;21,6;20,7;20,4;93;92;93;;1,6;0;
2024/03/06;0800 UTC;0;973,9;973,9;973,5;;21,1;20;21,6;21;20,4;19,9;94;93;94;;0;0;
2024/03/06;0900 UTC;0;974,3;974,3;973,9;;21,6;20,7;21,6;21;20,7;20;94;94;94;;0;0;
2024/03/06;1000 UTC;0;975,2;975,2;974,3;28,5;21,7;20,6;21,8;21,5;20,8;20,4;94;94;94;;1,1;0;
2024/03/06;1100 UTC;0;975,9;975,9;975,1;499;24,5;21,6;24,8;21,7;22,4;20,7;94;83;84;;0;0;
2024/03/06;1200 UTC;0;976,4;976,4;975,9;1250,4;26,9;21,6;26,9;24,4;22,7;21,4;85;73;73;;1,3;0;
2024/03/06;1300 UTC;0;976,6;976,6;976,4;2120,5;28,7;21,1;28,8;26,6;22,4;20,5;73;63;64;;2,8;,9;
2024/03/06;1400 UTC;0;976,5;976,7;976,5;2745,3;30,3;21,6;30,7;28,1;22,3;20,6;65;58;60;;4,5;1,7;
2024/03/06;1500 UTC;0;975,9;976,5;975,9;3127,6;32,2;21,1;32,2;30,3;22,4;19,9;60;50;52;;5,1;2,4;
2024/03/06;1600 UTC;0;974,9;975,9;974,9;2795,2;33,1;21,5;33,4;31,2;22,2;20,5;57;48;51;;5,5;,8;
2024/03/06;1700 UTC;0;973,3;974,9;973,3;1615,2;33,1;20,8;33,4;31,7;22,5;19,9;55;48;49;;4;,3;
2024/03/06;1800 UTC;0;972,9;973,3;972,6;2492,1;32,8;21;34,3;32,8;22;19,5;51;44;50;;7,4;1,5;
2024/03/06;1900 UTC;0;972,2;972,9;972,2;789,1;27,4;22,8;32,7;27;22,8;20,5;76;50;76;;12,5;1,9;
2024/03/06;2000 UTC;0;972;972,2;971,9;624,9;29,2;21,9;29,4;27,4;23,6;21,9;76;65;65;;4,3;,6;
2024/03/06;2100 UTC;0;971,9;972;971,5;644,6;30,2;22,1;30,3;29,2;22,8;21,2;67;59;62;;2,7;1,1;
2024/03/06;2200 UTC;0;972,8;972,8;971,9;226,1;28,8;22,5;30,5;28,8;22,7;21,8;69;61;69;;3,3;,1;
2024/03/06;2300 UTC;0;973,7;973,7;972,8;;27;22,5;28,8;26,8;22,9;22,2;77;69;77;;4,9;2,3;
2024/03/07;0000 UTC;0;974;974;973,7;;26,2;22,3;27,2;26,2;22,7;22,3;79;76;79;;4,6;,7;
2024/03/07;0100 UTC;0;974,8;974,8;974;;25,3;22,2;26,3;25,3;22,4;22,1;83;79;83;;3,4;,8;
2024/03/07;0200 UTC;0;975,1;975,3;974,8;;25,4;22,1;25,7;25;22,5;22,1;84;82;82;;2,9;,7;
2024/03/07;0300 UTC;0;975,3;975,3;975;;24,4;22,1;25,4;24,1;22,2;21,7;87;82;87;;2,9;0;
2024/03/07;0400 UTC;0;975;975,3;975;;24,1;21,9;24,5;23,9;22,2;21,7;88;86;88;;1,1;0;
2024/03/07;0500 UTC;0;974,6;975;974,6;;23,6;21,9;24,1;23,3;22,1;21,5;90;88;90;;,9;0;
2024/03/07;0600 UTC;0;974,4;974,7;974,3;;23,4;21,6;23,9;23,4;22;21,6;90;89;89;;1,5;0;
2024/03/07;0700 UTC;0;974,5;974,5;974,3;;23;21,5;23,6;22,9;21,8;21,3;91;89;91;;1,8;,7;
2024/03/07;0800 UTC;0;975;975;974,4;;23,2;21,8;23,3;22,9;21,9;21,5;92;91;92;;1,8;,1;
2024/03/07;0900 UTC;0;975,3;975,3;975;;22,8;21,6;23,2;22,8;21,9;21,5;93;92;93;;1,5;0;
2024/03/07;1000 UTC;0;975,9;975,9;975,3;26;23,1;21,7;23,2;22,4;21,9;21,2;93;92;92;;1,2;,1;
2024/03/07;1100 UTC;0;976,8;976,8;975,9;321,1;25,3;22,6;25,3;23,1;23;21,7;92;85;85;;1,8;,2;
2024/03/07;1200 UTC;0;977,6;977,6;976,8;1160,7;27,8;23;28,1;25,3;23,6;22,6;86;75;75;;5,1;2,1;
2024/03/07;1300 UTC;0;977,8;977,8;977,6;1909,9;29,8;23,2;30;27,5;23,6;22,7;76;66;68;;5;1,9;
2024/03/07;1400 UTC;0;977,8;977,9;977,7;2412,3;31,1;22,8;31,3;29,8;23,6;22,6;68;61;61;;5,8;2,8;
2024/03/07;1500 UTC;0;977;977,8;977;2907,1;32,1;22,7;32,8;30,7;24,3;22,2;63;56;58;;6,7;1,4;
2024/03/07;1600 UTC;0;975,6;977;975,6;2954,7;33,5;22,5;33,5;31,9;23,5;21,9;59;52;52;;5,6;1,4;
2024/03/07;1700 UTC;0;974,4;975,6;974,4;1605,3;30,9;23;34,3;30,9;23,2;21,4;63;50;63;;7,9;3,3;
2024/03/07;1800 UTC;1,4;973,9;975,5;973,9;387,4;26,1;24,6;30,8;25,6;24,7;19,7;93;63;91;;10;,3;
2024/03/07;1900 UTC;0;973,2;973,9;973,2;1529,9;27,6;23,9;29,8;26,1;25,9;22,9;91;70;80;;3,2;1,4;
2024/03/07;2000 UTC;0;973;973,2;972,7;354;27,6;24,2;27,8;27,2;24,3;23,6;84;79;82;;3,2;0;
2024/03/07;2100 UTC;0;972,9;973;972,8;479,7;27,8;24,5;28,1;27,6;24,9;24,2;83;80;82;;1,8;,1;
2024/03/07;2200 UTC;0;973,4;973,4;972,9;149,4;27,2;24,6;28;27,2;24,7;23,9;86;79;86;;1,4;0;
2024/03/07;2300 UTC;0;974,2;974,2;973,4;;26,5;24,5;27,2;26,5;24,8;24,5;89;86;89;;2,4;,1;
2024/03/08;0000 UTC;0;975,3;975,3;974,2;;25,8;24,1;26,5;25,8;24,5;24,1;91;89;91;;2;,3;
2024/03/08;0100 UTC;0;975,3;975,4;975,3;;25,3;24,1;25,8;25,2;24,3;24;93;91;93;;1,3;0;
2024/03/08;0200 UTC;0;976;976;975,3;;25,4;23,5;25,4;25,1;24,1;23,5;94;89;89;;2;,3;
2024/03/08;0300 UTC;0;976,7;976,7;975,8;;25;23,6;25,4;25;23,6;23,1;92;88;92;;3,5;1,8;
2024/03/08;0400 UTC;0;976,5;976,8;976,4;;24,7;23,7;25,1;24,7;23,8;23,6;94;92;94;;3,5;0;
2024/03/08;0500 UTC;0;975,8;976,5;975,8;;24,5;23,6;24,8;24,5;23,9;23,6;95;94;95;;0;0;
2024/03/08;0600 UTC;0;975,8;975,9;975,4;;24,8;23,3;24,8;24,5;23,8;23,3;95;91;91;;6,7;3,4;
2024/03/08;0700 UTC;0;975,1;975,9;975,1;;24,4;22,9;24,8;24,4;23,3;22,9;92;90;92;;7,5;2,6;
2024/03/08;0800 UTC;0;974,2;975;974,2;;24,2;23;24,4;24;23,2;22,9;95;92;93;;5,2;,6;
2024/03/08;0900 UTC;0;974,2;974,2;974;;23,9;22,6;24,2;23,9;23;22,6;93;92;92;;2,4;0;
2024/03/08;1000 UTC;0;975,2;975,2;974,2;2,2;23,6;22,8;23,9;23,6;22,8;22,5;95;92;95;;1,6;0;
2024/03/08;1100 UTC;0;976,3;976,3;975,2;148,7;24,4;22,9;24,4;23,6;23,1;22,8;95;92;92;;,4;0;
2024/03/08;1200 UTC;0;977,3;977,3;976,3;1044,3;27,7;23,4;27,7;24,4;23,5;22,5;92;77;77;;1,8;,1;
2024/03/08;1300 UTC;0;977,5;977,7;977,3;1707,3;27,9;22,9;28,4;27;23,9;22,7;80;73;74;;3,3;1,1;
2024/03/08;1400 UTC;0;977,6;977,7;977,5;934,8;28;23,4;28,2;27,7;23,7;23;78;74;76;;3,3;,1;
2024/03/08;1500 UTC;0;976,8;977,7;976,8;1874,4;29,6;23,5;30,2;28;24,4;23,1;77;68;70;;4,4;1,8;
2024/03/08;1600 UTC;0;975,7;976,8;975,7;2053,5;30,7;24;30,7;29,4;24,6;23,3;71;66;67;;4,9;1,1;
2024/03/08;1700 UTC;0;974,1;975,7;974,1;3564,2;32,9;23;33;30,7;24,9;22,3;69;55;56;;4,6;2,2;
2024/03/08;1800 UTC;0;972,9;974,1;972,9;3223,3;34,1;21,5;34,6;32,7;22,7;20,9;56;46;48;;7,7;3,8;
2024/03/08;1900 UTC;0;972,8;973,1;972,8;2273,3;31,7;23,1;34,4;31;23,6;21,2;62;47;60;;7,1;3,7;
2024/03/08;2000 UTC;0;972,8;973,3;972,7;1462,8;29,4;23,5;32;29,4;23,9;22,3;71;59;71;;10,7;5,2;
2024/03/08;2100 UTC;1;973;974;972,8;373,5;25,9;23,6;29,4;25,7;23,6;21,6;87;68;87;;9,1;2,4;
2024/03/08;2200 UTC;0;973,1;973,1;972,7;447,3;26,2;23,5;26,3;25,8;24,5;22,7;91;83;85;;6,5;,5;
2024/03/08;2300 UTC;0;973,7;973,8;973,1;7,6;25,8;22,4;26,4;25,7;23,9;22,4;88;80;82;;6,4;1,4;
2024/03/09;0000 UTC;0;974,4;974,5;973,7;;25,7;22,2;26;25,6;22,4;22;82;79;81;;4,1;1,7;
2024/03/09;0100 UTC;0;974,8;974,9;974,4;;25,1;22,5;25,7;25;22,5;22,1;86;81;86;;4,1;1,7;
2024/03/09;0200 UTC;0;975,1;975,1;974,8;;24,9;22,6;25,2;24,8;22,6;22,4;87;85;87;;3,5;1,3;
2024/03/09;0300 UTC;0;974,7;975,2;974,7;;24,7;22,2;25,1;24,7;22,6;22,2;87;85;86;;4,6;2;
2024/03/09;0400 UTC;0;974,4;974,7;974,4;;24;22,1;24,7;24;22,3;21,9;89;86;89;;4,4;0;
2024/03/09;0500 UTC;0;973,7;974,4;973,7;;23,8;22,1;24,1;23,8;22,3;22;90;89;90;;2;0;
2024/03/09;0600 UTC;0;973,1;973,7;973,1;;23,2;21,7;23,8;23,2;22,3;21,7;91;90;91;;2,2;0;
2024/03/09;0700 UTC;0;973;973,2;973;;23,5;22,2;23,6;23;22,3;21,7;93;91;93;;2,9;,1;
2024/03/09;0800 UTC;0;973,4;973,4;972,9;;22,9;21,7;23,5;22,9;22,2;21,7;93;92;93;;1,7;0;
2024/03/09;0900 UTC;0;974;974;973,4;;23,4;22,1;23,4;22,8;22,1;21,6;93;92;92;;2,1;,2;
2024/03/09;1000 UTC;0;974,6;974,7;974;23,3;23,4;22;23,5;23,3;22,1;21,9;92;92;92;;2,1;0;
2024/03/09;1100 UTC;0;975,1;975,1;974,6;486,4;26,1;23,1;26,1;23,4;23,5;22,1;93;83;83;;2,5;,2;
2024/03/09;1200 UTC;0;975,4;975,4;975,1;1314,6;28,8;23,3;29,1;26,1;24;23;83;72;72;;4;1,9;
2024/03/09;1300 UTC;0;975,6;975,6;975,4;2079;30,7;23,7;30,8;28,8;24,6;23,1;73;66;66;;7,1;3,8;
2024/03/09;1400 UTC;0;975,2;975,7;975,2;2728,3;32,1;24,1;32,5;30,5;24,6;23,5;68;60;63;;8,7;5;
2024/03/09;1500 UTC;0;975,1;975,2;975,1;3137,8;33,4;23,3;33,5;32,1;24,7;23,1;64;55;55;;9,1;4,4;
2024/03/09;1600 UTC;0;974,3;975,1;974,3;3101,7;33,9;22,7;34,9;33,2;24,4;22,5;57;50;52;;9,1;4;
2024/03/09;1700 UTC;0;973,5;974,6;973,5;1201,6;29,6;22,2;34,6;28,5;23,8;21;66;51;65;;11,8;,7;
2024/03/09;1800 UTC;0;973,3;973,5;973,2;620,4;31;22,5;31,8;29,6;22,5;20,9;65;53;61;;5,8;3,7;
2024/03/09;1900 UTC;0;972,6;973,3;972,6;840,7;30,8;22,8;31,3;30,2;23,6;22,4;66;61;63;;5,6;,6;
2024/03/09;2000 UTC;0;971,9;972,6;971,9;794,1;30,3;23,2;30,9;29,6;23,5;22,6;68;61;66;;4,4;,9;
2024/03/09;2100 UTC;0;972,1;972,1;971,7;863,9;31,6;21,5;31,9;30,3;23,5;21,3;66;54;55;;4;,5;
2024/03/09;2200 UTC;0;972,4;972,4;972;151,5;29,3;22,3;31,6;29,1;22,3;21,3;67;54;66;;3,5;,3;
2024/03/09;2300 UTC;0;973,1;973,1;972,4;;28,3;22,7;29,3;28,2;22,8;22,2;72;66;72;;3,5;1,6;
2024/03/10;0000 UTC;0;974,7;974,7;973,1;;27,6;23,2;28,3;27,6;23,2;22,7;77;72;77;;3,5;,8;
2024/03/10;0100 UTC;0;975,4;975,4;974,7;;27,9;23;28,1;27,4;23,4;23;79;75;75;;3,2;1,5;
2024/03/10;0200 UTC;0;975;975,4;975;;26,3;23;27,9;26,3;23,1;22,8;82;75;82;;3,2;0;
2024/03/10;0300 UTC;0;974,6;975,1;974,6;;26,1;23;26,4;25,8;23,2;22,9;84;82;83;;2,5;,4;
2024/03/10;0400 UTC;0;974,9;974,9;974,5;;25,1;22,9;26,1;25,1;23;22,7;88;83;88;;1,8;0;
2024/03/10;0500 UTC;0;974,6;975,1;974,6;;25,2;22,7;25,4;24,9;23;22,7;88;86;86;;1,8;,3;
2024/03/10;0600 UTC;0;973,7;974,6;973,7;;24,4;22,4;25,2;24,4;22,7;22,4;89;86;89;;2,8;0;
2024/03/10;0700 UTC;0;973,5;974,1;973,4;;24,3;22,5;24,6;24,2;22,7;22,4;90;89;90;;2,4;0;
2024/03/10;0800 UTC;0;973,5;973,6;973,3;;23,7;22,3;24,2;23,6;22,5;22,1;92;90;92;;2,1;,1;
2024/03/10;0900 UTC;0;974,2;974,2;973,5;;23,6;22,3;23,8;23,5;22,5;22,1;93;92;93;;,7;0;
2024/03/10;1000 UTC;0;974,6;974,6;974,2;18,5;23,6;22,6;23,7;23,3;22,6;22,1;94;93;94;;0;0;
2024/03/10;1100 UTC;0;975,4;975,4;974,6;426,9;26,6;23,9;26,6;23,6;24,1;22,6;94;85;85;;2,6;1,2;
2024/03/10;1200 UTC;0;976,4;976,4;975,4;1277,3;29,2;24,5;29,3;26,6;24,7;23,7;85;74;76;;2,7;,7;
2024/03/10;1300 UTC;0;976,7;976,7;976,4;2050,8;31,7;24,5;31,7;29,2;24,9;24,2;76;65;66;;3,8;2,3;
2024/03/10;1400 UTC;0;976,7;976,8;976,6;2746;33,5;23,4;33,7;31,4;24,5;23,3;66;55;55;;6,6;2,9;
2024/03/10;1500 UTC;0;976,4;976,7;976,4;3141,1;34,5;23,1;34,5;32,9;24,4;22,2;58;49;52;;5,4;2,5;
2024/03/10;1600 UTC;0;975,5;976,4;975,5;3330,9;35,5;21,1;35,9;33,9;23,5;20,5;53;43;43;;5,2;1,7;
2024/03/10;1700 UTC;0;974,2;975,5;974,2;3257,6;36,3;21;36,9;35,5;22,8;20,2;47;40;41;;6,2;1,4;
2024/03/10;1800 UTC;0;973,1;974,2;973,1;2984,4;36,6;21,8;37;35,8;22,1;19,8;43;38;43;;5,5;1,7;
2024/03/10;1900 UTC;0;972,6;973,1;972,6;2485,3;36,4;20,7;37,3;36,2;21,8;19,9;42;38;40;;5,7;1,9;
2024/03/10;2000 UTC;0;972,2;972,6;972,2;1834,9;36,4;20,7;37;36,1;21,7;20,1;42;39;40;;5,2;2,4;
2024/03/10;2100 UTC;0;972,5;972,5;972,1;526;32,1;22,3;36,4;32,1;22,6;20,6;56;40;56;;10,4;1,5;
2024/03/10;2200 UTC;0;972,9;973;972,3;76,4;30,8;22;32,1;30,8;22,4;22;60;56;59;;4,6;1,3;
2024/03/10;2300 UTC;0;973,6;973,6;972,9;;28,9;23,3;30,8;28,9;23,4;22;72;59;72;;3,8;0;
2024/03/11;0000 UTC;0;974,8;974,8;973,6;;28;23,1;29,1;28;23,6;23;76;70;75;;1,6;0;
2024/03/11;0100 UTC;0;975,7;975,8;974,8;;26,7;23,2;28;26,7;23,2;22,9;81;75;81;;2,2;0;
2024/03/11;0200 UTC;0;975,8;975,9;975,6;;26,3;23,2;27;26,3;23,3;23;83;80;83;;1,7;,4;
2024/03/11;0300 UTC;0;975,6;975,8;975,6;;25,6;23;26,3;25,6;23,4;23;86;83;86;;1,8;0;
2024/03/11;0400 UTC;0;975,3;975,6;975,3;;24,8;22,8;25,6;24,8;23,1;22,8;89;86;89;;2,1;0;
2024/03/11;0500 UTC;0;975,3;975,4;975,2;;24,5;22,5;25;24,5;22,9;22,5;89;87;89;;,8;0;
2024/03/11;0600 UTC;0;974,7;975,3;974,7;;24,2;22,5;24,5;24,1;22,7;22,4;91;89;90;;0;0;
2024/03/11;0700 UTC;0;974,3;974,7;974,3;;24,4;22,7;24,8;24,2;23;22,5;91;89;91;;,6;0;
2024/03/11;0800 UTC;0;974,5;974,6;974,3;;23,6;22,4;24,4;23,5;22,7;22,1;93;91;93;;0;0;
2024/03/11;0900 UTC;0;974,9;974,9;974,5;;23,4;22,3;23,8;23,3;22,7;22,1;93;93;93;;0;0;
2024/03/11;1000 UTC;0;975,5;975,5;974,9;26,9;23,3;22,3;23,4;22,8;22,3;21,7;94;93;94;;1,8;0;
2024/03/11;1100 UTC;0;976,7;976,7;975,5;406,4;26,6;24,1;26,6;23,4;24,1;22,3;94;86;86;;1,3;0;
2024/03/11;1200 UTC;0;977,1;977,1;976,7;1224,9;29,2;23,8;29,4;26,6;24,7;23,2;88;71;73;;3,8;1,4;
2024/03/11;1300 UTC;0;977,1;977,2;977,1;2054,1;31,6;24,5;31,6;28,5;24,5;23,1;76;66;66;;3,8;,3;
2024/03/11;1400 UTC;0;977;977,1;977;2364,1;32,3;23,5;32,7;30,6;24,7;22,9;67;58;60;;4,4;1,6;
2024/03/11;1500 UTC;0;976,9;977,1;976,9;2714,6;32,5;23,4;33,1;31,5;24,6;22,9;64;57;59;;6,1;1,7;
2024/03/11;1600 UTC;0;975,9;976,9;975,9;3004,3;33,2;23,6;33,9;31,7;24,3;22,8;61;53;57;;6;2,2;
2024/03/11;1700 UTC;0;975,2;975,9;975,2;2704,3;33,6;22,8;34,9;33,3;24,4;22,4;59;50;53;;5,5;1,3;
2024/03/11;1800 UTC;0;974,2;975,2;974,2;2659,2;35,2;22,4;35,6;33,3;24,4;22;57;47;48;;4,8;1,1;
2024/03/11;1900 UTC;0;973,5;974,2;973,5;1874,4;34;22,3;35,8;34;23;21,6;52;45;51;;4,3;1,3;
2024/03/11;2000 UTC;0;973,1;973,6;973,1;1679,2;35,2;21;35,4;33,9;22,7;21;51;44;44;;4,2;,6;
2024/03/11;2100 UTC;0;973,1;973,2;973,1;1010,1;34,5;21,3;35,5;34,5;21,8;20,5;47;42;46;;3,6;,6;
2024/03/11;2200 UTC;0;973,4;973,4;973,1;192,9;32,2;21,6;34,5;32,2;21,7;20,9;54;45;54;;2,7;0;
2024/03/11;2300 UTC;0;974,3;974,3;973,4;;29,9;22,3;32,1;29,9;22,3;21,6;64;54;63;;1,3;0;
2024/03/12;0000 UTC;0;974,9;974,9;974,3;;28,7;22,1;29,9;28,7;22,2;21,9;68;63;67;;1,4;0;
2024/03/12;0100 UTC;0;975,4;975,4;974,9;;28,1;22,1;28,7;27,5;22,4;22;73;67;70;;1,6;0;
2024/03/12;0200 UTC;0;975,7;975,9;975,4;;27,8;21,9;28,4;27,5;22,1;21,6;71;69;70;;2;,2;
2024/03/12;0300 UTC;0;975,6;975,9;975,6;;27,3;22;28,7;27;22,2;21,8;74;68;73;;4;,2;
2024/03/12;0400 UTC;0;975,7;975,7;975,6;;25,9;21,8;27,6;25,9;22,1;21,7;78;72;78;;2,1;0;
2024/03/12;0500 UTC;0;975,6;975,7;975,5;;25,1;21,7;26,3;25;22,2;21,5;82;78;82;;1,9;0;
2024/03/12;0600 UTC;0;975,3;975,6;975,3;;25,2;21,8;25,3;24,4;22;21,5;84;81;82;;2,1;,3;
2024/03/12;0700 UTC;0;975,4;975,4;975,3;;25;21,7;25,5;25;21,9;21,6;82;80;82;;2,1;,3;
2024/03/12;0800 UTC;0;975,7;975,7;975,3;;24,1;21,4;25;24,1;21,7;21,2;85;81;85;;1,8;0;
2024/03/12;0900 UTC;0;976,2;976,2;975,7;;23;21,3;24,1;22,9;21,5;20,9;90;85;90;;,4;0;
2024/03/12;1000 UTC;0;976,8;976,8;976,2;20,2;23,4;21,3;23,7;23;21,7;21,1;90;88;88;;3,5;0;
2024/03/12;1100 UTC;0;977,6;977,6;976,8;428,4;26,4;22,1;26,5;23,4;22,7;21,4;90;77;78;;2,6;,7;
2024/03/12;1200 UTC;0;978,1;978,1;977,6;1294,5;28,8;21,7;28,9;26,4;22,9;21,6;78;65;66;;6,8;3,2;
2024/03/12;1300 UTC;0;978,2;978,2;978,1;2124,2;30,6;21,7;30,8;28,6;22,3;21,2;67;59;59;;8,8;3,5;
2024/03/12;1400 UTC;0;978;978,3;978;2802,2;31,9;21,8;32,1;30;22,6;21,2;60;54;55;;8,8;4;
2024/03/12;1500 UTC;0;977,4;978;977,4;3255,1;33;22;33,4;31,6;22,8;21,1;57;50;52;;7,8;2,7;
2024/03/12;1600 UTC;0;976,3;977,4;976,3;3427,1;34,6;21,9;34,7;33;22,4;20,4;53;45;48;;7,7;2,7;
2024/03/12;1700 UTC;0;975,2;976,3;975,2;3234;34,8;18,7;35,7;33;21,9;18,7;49;39;39;;7,4;2,1;
2024/03/12;1800 UTC;0;974,2;975,2;974,2;2357,1;34,6;19,3;35,9;33,8;21,4;18,5;46;38;41;;5,1;1,4;
2024/03/12;1900 UTC;0;973,3;974,2;973,3;2762,5;35,2;18,4;35,9;34,7;20,3;17,6;41;35;37;;6;2;
2024/03/12;2000 UTC;0;972,8;973,3;972,8;1535,5;35,3;19;35,7;34,5;19,2;18;40;36;38;;6;1,5;
2024/03/12;2100 UTC;0;972,5;972,9;972,5;701,4;34,1;18,9;35,3;33,8;19,3;18,4;42;38;41;;4;,9;
2024/03/12;2200 UTC;0;972,9;972,9;972,5;189,7;31,8;19,9;34,1;31,8;19,9;18,5;49;40;49;;2,9;,2;
2024/03/12;2300 UTC;0;973,3;973,3;972,8;;29,4;20,5;31,8;29,4;20,5;19,8;59;49;59;;2,7;0;
2024/03/13;0000 UTC;0;974,1;974,1;973,3;;27,4;20,2;29,4;27,4;20,6;19,9;65;58;65;;1,9;0;
2024/03/13;0100 UTC;0;974,8;974,9;974,1;;27,8;19,6;28,5;26,9;20,4;19,5;68;59;61;;4,2;,7;
2024/03/13;0200 UTC;0;975,3;975,3;974,8;;27,4;19,5;28,5;26,1;19,8;19,3;67;58;62;;4,2;,4;
2024/03/13;0300 UTC;0;975,1;975,3;975,1;;27;19,2;27,6;27;19,5;19,2;62;60;62;;2,7;,1;
2024/03/13;0400 UTC;0;974,9;975,2;974,8;;26,5;19,5;27,2;26,5;19,5;19,3;65;62;65;;2,4;,3;
2024/03/13;0500 UTC;0;974,4;974,9;974,4;;25;19,4;26,5;24,9;19,5;19,3;71;65;71;;2,4;0;
2024/03/13;0600 UTC;0;974,3;974,4;974,2;;25;19,5;25,2;24,7;19,6;19,3;73;71;71;;1,8;,2;
2024/03/13;0700 UTC;0;974,3;974,3;974;;24,1;19,3;25;23,6;19,6;19,2;77;71;75;;1,5;0;
2024/03/13;0800 UTC;0;974,5;974,5;974,3;;24,2;19,1;24,5;23,9;19,4;19,1;75;72;73;;1,9;,3;
2024/03/13;0900 UTC;0;975,3;975,3;974,5;;24,5;19,1;24,6;24,1;19,2;19;73;72;72;;1,9;0;
2024/03/13;1000 UTC;0;976;976;975,3;19,5;23,4;19,4;24,5;23,4;19,4;18,8;78;71;78;;,7;0;
2024/03/13;1100 UTC;0;976,6;976,6;975,9;334,6;26;20,5;26;23,3;20,8;19,5;82;69;72;;0;0;
2024/03/13;1200 UTC;0;977;977,1;976,6;941,7;28,4;19,8;28,5;26;20,9;19,4;73;59;60;;,1;0;
2024/03/13;1300 UTC;0;976,7;977,1;976,7;1914;31,5;20,5;31,5;28,4;20,7;19,1;61;51;52;;4,3;,6;
2024/03/13;1400 UTC;0;976,5;976,7;976,4;2588,4;33;20,5;33,1;31,1;21;19,7;53;47;48;;7,5;3,1;
2024/03/13;1500 UTC;0;975,9;976,5;975,9;2989,5;34,2;21,3;34,9;32,5;21,9;20,2;50;43;47;;7,2;3,4;
2024/03/13;1600 UTC;0;974,9;975,9;974,9;3342,7;35,4;21,6;36,4;33,6;22,6;20,3;48;42;45;;8,1;3,7;
2024/03/13;1700 UTC;0;974,1;974,9;974,1;3091,9;36;21,9;36,6;34,9;22,7;20,8;46;42;44;;8,3;1,9;
2024/03/13;1800 UTC;0;973,4;974,1;973,4;2905,8;36,7;21,9;37,2;35,1;22,9;21;46;41;42;;5,9;2,4;
2024/03/13;1900 UTC;0;972,5;973,4;972,5;2432,6;36,3;21,9;37,4;36,1;22,9;21,2;44;41;43;;5,4;2;
2024/03/13;2000 UTC;0;971,8;972,5;971,8;1849,7;36,3;20,9;37;36,2;22,5;20,9;44;41;41;;5,3;1;
2024/03/13;2100 UTC;0;971,5;971,8;971,4;935,9;35,6;21,6;36,6;35,6;22,2;20,9;45;40;44;;3,6;1;
2024/03/13;2200 UTC;0;971,9;971,9;971,4;137,2;33,3;22,3;35,6;33,3;22,3;21,4;52;44;52;;3,6;,3;
2024/03/13;2300 UTC;0;972,5;972,5;971,9;;31,6;22,6;33,3;31,5;23,1;22,2;60;52;59;;1,8;0;
2024/03/14;0000 UTC;0;973,6;973,6;972,5;;30,5;22,9;31,7;30,4;23;22,6;64;59;64;;2,3;,7;
2024/03/14;0100 UTC;0;974,6;974,6;973,7;;29,4;23,3;30,8;29;23,6;22,8;71;63;70;;4,1;1,7;
2024/03/14;0200 UTC;0;975,2;975,3;974,5;;29,4;23,6;29,4;28,5;23,8;23,3;74;70;71;;4,8;,5;
2024/03/14;0300 UTC;0;975,2;975,4;975,1;;28,6;23,3;29,8;28,6;23,5;23,2;73;68;73;;5,5;,1;
2024/03/14;0400 UTC;0;974,7;975,3;974,7;;27,4;23,6;28,6;27,4;23,9;23,3;80;73;80;;1;0;
2024/03/14;0500 UTC;0;974;974,7;973,9;;27;23,3;27,6;26,8;23,7;23,3;83;79;81;;1,4;0;
2024/03/14;0600 UTC;0;974,2;974,4;974;;26,8;23,6;27,2;26,6;23,7;23,2;83;80;82;;3,4;0;
2024/03/14;0700 UTC;0;973,8;974,2;973,7;;26,5;23,6;26,9;26,2;23,7;23,5;86;82;84;;1,7;0;
2024/03/14;0800 UTC;0;974,1;974,1;973,6;;26,9;23,2;27,2;26,5;23,6;23,1;84;78;80;;3,2;,1;
2024/03/14;0900 UTC;0;974,3;974,4;974,1;;26,1;23,2;26,9;26,1;23,4;23,2;85;80;84;;2;,2;
2024/03/14;1000 UTC;0;974,8;974,8;974,3;15,4;25,9;23,4;26,1;25,3;23,6;23,2;89;84;86;;2,8;,8;
2024/03/14;1100 UTC;0;975,5;975,5;974,8;438,6;28,3;23,9;28,3;25,9;24,2;23,4;86;77;77;;4,5;1,3;
2024/03/14;1200 UTC;0;976,1;976,1;975,5;887,9;29,5;24,1;29,9;28,3;24,7;23,9;78;72;73;;3,8;,8;
2024/03/14;1300 UTC;0;975,9;976,1;975,9;1852;32,7;24,8;32,8;29,5;25,4;24,1;74;63;63;;3,8;1,8;
2024/03/14;1400 UTC;0;975,7;975,9;975,7;2697,4;34,2;24,1;34,3;32,6;25,6;23,7;64;55;56;;6,9;2,8;
2024/03/14;1500 UTC;0;975,3;975,7;975,3;3144,4;35,5;23,8;35,7;34,1;24,6;23,2;56;50;51;;6,9;1,9;
2024/03/14;1600 UTC;0;974,1;975,3;974,1;3463,4;36,5;23,4;37,1;35,2;24,9;22,7;52;45;47;;7;3,2;
2024/03/14;1700 UTC;0;972,6;974,1;972,6;3166,5;37,7;23,1;37,7;35,7;24,5;22,1;49;43;43;;8,2;2,2;
2024/03/14;1800 UTC;0;971,5;972,6;971,5;3119,6;37,6;22,8;38,2;36,8;23,7;22;45;40;43;;8,2;2,5;
2024/03/14;1900 UTC;0;971,5;971,7;971;2326,4;36,5;22,4;38,9;36,5;23,6;21,6;45;39;44;;6,9;3,4;
2024/03/14;2000 UTC;0;971,9;972;971,4;540,6;29,9;22,3;36,5;29,9;23,3;21,8;66;44;64;;12,3;1;
2024/03/14;2100 UTC;0;971,6;972,1;971,6;199,1;30,1;24,1;30,5;29,8;24,3;22,4;72;64;70;;5,5;2,2;
2024/03/14;2200 UTC;0;971,6;971,7;971,5;65,6;28,7;23,9;30,1;28,7;24,2;23,1;75;69;75;;4,6;,3;
2024/03/14;2300 UTC;0;971,7;971,9;971,6;;27,6;23,3;28,7;27,5;24,2;23,1;78;73;78;;4,3;,9;
2024/03/15;0000 UTC;0;972,4;972,4;971,7;;27,5;23;27,6;27,1;23,4;23;80;77;77;;2,2;0;
2024/03/15;0100 UTC;0;973,2;973,2;972,4;;27,1;23,1;28;27,1;23,2;23;79;75;79;;2,4;0;
2024/03/15;0200 UTC;0;973;973,3;972,9;;26,7;23;27,2;26,7;23,1;22,9;80;78;80;;2,4;,5;
2024/03/15;0300 UTC;0;973,2;973,2;972,9;;26,7;23;26,8;26,5;23,1;23;81;80;80;;3,3;,5;
2024/03/15;0400 UTC;0;972,9;973,2;972,8;;26,2;23,3;26,7;26,1;23,4;22,9;85;80;84;;2,5;0;
2024/03/15;0500 UTC;0;972,8;972,9;972,6;;26,3;22,9;26,5;26,2;23,5;22,9;85;81;82;;1,3;0;
2024/03/15;0600 UTC;0;972,8;972,9;972,8;;25,4;22,9;26,3;25,4;23,1;22,9;86;82;86;;,7;0;
2024/03/15;0700 UTC;0;972,5;972,8;972,3;;24,9;23;25,4;24,9;23,2;22,9;89;86;89;;,9;0;
2024/03/15;0800 UTC;0;973;973;972,4;;24,6;22,8;25;24,6;23,1;22,8;90;89;89;;,8;0;
2024/03/15;0900 UTC;0;973,6;973,6;972,9;;24,4;22,9;24,6;24,2;23;22,6;92;89;91;;1,5;0;
2024/03/15;1000 UTC;0;973,9;973,9;973,4;21,7;24,5;23;24,6;24;23,1;22,6;92;91;91;;1,2;0;
2024/03/15;1100 UTC;0;974;974;973,7;422,5;27,5;24,3;27,5;24,5;24,4;23;92;83;83;;2,5;,8;
2024/03/15;1200 UTC;0;974,2;974,4;974;1256,7;30;24,6;30;27,5;24,9;24,1;83;73;73;;3,9;2,3;
2024/03/15;1300 UTC;0;974;974,3;974;2057,3;32,9;24,3;32,9;29,8;25,4;24,2;73;61;61;;6,5;3,8;
2024/03/15;1400 UTC;0;973,9;974;973,8;2654,6;34;23,9;34,3;32,6;25,3;23,9;62;56;56;;6,5;1,9;
2024/03/15;1500 UTC;0;973,5;973,9;973,5;3116,3;35,7;23,3;35,7;33,8;25,1;23,2;59;49;49;;6,9;2,8;
2024/03/15;1600 UTC;0;972,5;973,5;972,5;3113,1;36,9;23,2;36,9;35,2;24,2;21,9;52;44;46;;7,3;2,6;
2024/03/15;1700 UTC;0;971,1;972,5;971,1;2692,5;36,9;22,4;37,6;35,4;24;21,8;48;41;43;;7,2;3,4;
2024/03/15;1800 UTC;0;969,6;971,1;969,6;2846,5;38,1;20,8;38,5;36,5;23,1;20,4;44;36;37;;7;3,3;
2024/03/15;1900 UTC;0;970,1;970,1;969,5;2578,2;33,6;22,6;38,6;33,4;22,6;19;53;32;53;;9,6;3,6;
2024/03/15;2000 UTC;0;970,2;970,5;970,1;575,7;28,6;22,3;33,6;28,2;23;21,9;73;52;69;;9,6;2,2;
2024/03/15;2100 UTC;0;971,1;971,3;970,1;208,3;28,5;22,4;30,1;28,5;22,6;21,8;70;61;70;;6,9;4,6;
2024/03/15;2200 UTC;0;970;971;969,9;16,8;27,5;21,8;28,5;27,4;22,5;21,8;74;70;71;;6,7;1,7;
2024/03/15;2300 UTC;0;970,9;970,9;970;;27,1;22,2;27,6;27;22,2;21,6;75;70;75;;4;1,5;
2024/03/16;0000 UTC;0;971,4;971,4;970,9;;27,1;21,8;27,2;27;22,2;21,8;75;73;73;;4,4;1,5;
2024/03/16;0100 UTC;0;971,8;971,9;971,4;;26;22,1;27;26;22,1;21,8;79;73;79;;2,3;0;
2024/03/16;0200 UTC;0;971,8;971,9;971,7;;26,1;22,1;26,4;25,7;22,2;21,9;80;77;79;;2;,6;
2024/03/16;0300 UTC;0;971,3;971,9;971,3;;25,7;21,6;26,1;25,2;22,1;21,6;82;78;78;;2,4;,4;
2024/03/16;0400 UTC;0;971,3;971,4;971,1;;24,4;21,7;25,7;24,4;21,7;21,5;85;78;85;;2;,1;
2024/03/16;0500 UTC;0;971;971,4;970,8;;24,1;21,9;24,6;24,1;21,9;21,6;88;85;88;;2;,2;
2024/03/16;0600 UTC;0;970,7;971,1;970,7;;23,7;21,8;24,2;23,7;22;21,8;89;87;89;;1,2;0;
2024/03/16;0700 UTC;0;970,6;970,7;970,6;;23,3;21,8;23,7;23,2;21,9;21,7;92;89;92;;0;0;
2024/03/16;0800 UTC;0;971;971;970,6;;23;21,6;23,3;23;22;21,5;92;91;92;;1,1;0;
2024/03/16;0900 UTC;0;971,4;971,4;971;;23,7;22,2;23,7;22,9;22,2;21,5;93;91;91;;1,8;,4;
2024/03/16;1000 UTC;0;971,9;971,9;971,3;23,3;24,6;22,4;24,6;23,7;22,4;21,9;91;88;88;;2,1;,1;
2024/03/16;1100 UTC;0;972,6;972,6;971,8;474;26,8;23;26,8;24,6;23,3;22,4;88;79;80;;1,4;0;
2024/03/16;1200 UTC;0;972,9;973;972,6;1083;28,3;22,7;28,7;26,8;23,4;22,4;80;71;72;;3,7;1,7;
2024/03/16;1300 UTC;0;972,9;973;972,8;2060,9;31,6;24,3;31,6;28,3;24,4;22,5;72;65;66;;4,1;1,7;
2024/03/16;1400 UTC;0;972,5;972,9;972,5;2666,4;33,3;24,3;33,6;31,3;24,7;23,6;66;57;59;;6,8;3,2;
2024/03/16;1500 UTC;0;971,6;972,5;971,6;3170,7;35;23;35,5;33,3;24,7;22,9;60;49;50;;8,1;3,9;
2024/03/16;1600 UTC;0;970,8;971,6;970,8;3305,7;35,8;23,2;36,3;34,2;23,9;22;52;46;48;;8,7;5,3;
2024/03/16;1700 UTC;0;969,8;970,8;969,8;2926,3;35,4;21,7;36,9;34,8;23,8;21,5;49;44;45;;8,7;3,7;
2024/03/16;1800 UTC;0;968,8;969,8;968,8;2691,3;36,6;22,4;36,9;35,2;23,9;21,5;49;43;44;;7,6;2,8;
2024/03/16;1900 UTC;0;968,2;968,8;968,2;2600,6;37,3;21,2;37,8;36,6;22,8;20,5;44;38;40;;7,2;3,3;
2024/03/16;2000 UTC;0;968;968,2;967,9;1360,5;36,7;22,1;37,3;35,4;22,5;20,4;45;39;43;;6,7;2,1;
2024/03/16;2100 UTC;0;968,6;968,6;968;702,6;35;22;36,7;35;22,3;21,2;48;42;47;;5;1,5;
2024/03/16;2200 UTC;0;969,1;969,1;968,6;152,9;31,9;23,3;35;31,9;23,4;22,2;61;47;60;;3,2;,1;
2024/03/16;2300 UTC;0;969,7;969,7;969,1;;31,3;23,2;31,9;30,6;23,2;22,8;64;59;62;;1,7;,5;
2024/03/17;0000 UTC;0;970,5;970,5;969,7;;31,3;22,6;31,7;31,2;23,1;22,6;62;59;60;;3,9;,9;
2024/03/17;0100 UTC;0;971,5;971,5;970,5;;29,5;22,8;31,3;28,8;22,8;22,6;70;60;67;;2,8;,8;
2024/03/17;0200 UTC;0;971,8;971,8;971,5;;29,4;22,4;30,3;28,9;22,8;22,3;68;63;66;;3,6;1,1;
2024/03/17;0300 UTC;0;971,7;972,1;971,7;;27,4;22,6;29,4;27,4;22,6;22,4;75;66;75;;3,3;1,1;
2024/03/17;0400 UTC;0;972,1;972,1;971,7;;27,3;22,7;27,4;26,9;22,8;22,6;78;75;76;;3,6;1,2;
2024/03/17;0500 UTC;0;972,1;972,2;971,9;;26,4;22,7;27,3;26,3;22,7;22,6;81;76;80;;3,6;1,1;
2024/03/17;0600 UTC;0;971,8;972,1;971,8;;25,8;22,7;26,4;25,8;22,7;22,6;83;80;83;;3,1;,4;
2024/03/17;0700 UTC;0;971,3;971,8;971,3;;26,3;22,7;26,4;25,8;22,7;22,7;83;80;80;;5;2;
2024/03/17;0800 UTC;0;971;971,3;970,9;;25,7;22,6;26,3;25,6;22,7;22,5;83;80;83;;4,1;2,3;
2024/03/17;0900 UTC;0;971,6;971,6;971;;25,3;22,6;25,8;25,3;22,7;22,6;85;83;85;;5,3;2,3;
2024/03/17;1000 UTC;0;972,1;972,1;971,5;13,2;25,4;22,7;25,5;25,2;22,7;22,6;85;84;85;;5;2,3;
2024/03/17;1100 UTC;0;973,1;973,1;972,1;417,8;27,8;23,3;27,8;25,4;23,4;22,7;85;77;77;;6,1;3,5;
2024/03/17;1200 UTC;0;973,8;973,8;973,1;1237,4;30,2;23,3;30,2;27,8;23,8;23;77;66;66;;7,8;4,1;
2024/03/17;1300 UTC;0;974;974,1;973,8;2040,5;31,6;23;32,2;30;23,8;22,8;67;60;61;;10,5;6;
2024/03/17;1400 UTC;0;973,9;974,1;973,9;2709,8;33,7;23,7;34,1;31,5;24,5;23;61;55;56;;10,5;4,4;
2024/03/17;1500 UTC;0;973,6;974;973,6;3201,3;34,9;23,1;35,4;33,5;24,4;22,4;58;49;51;;9,4;5;
2024/03/17;1600 UTC;0;972,5;973,6;972,5;3178,9;36,2;21,4;36,6;34,9;23,7;21,2;51;42;42;;11,1;5,5;
2024/03/17;1700 UTC;0;971,3;972,5;971,3;3109,4;36,1;20,6;37;35,5;22,2;20,4;43;40;41;;9,8;5,9;
2024/03/17;1800 UTC;0;970,8;971,3;970,8;2425,5;36,9;20,8;37,5;35,4;22,2;20,2;43;38;39;;10,6;5,3;
2024/03/17;1900 UTC;0;970,4;970,8;970,4;2396,1;37,3;20,1;38;36,2;21,5;20,1;41;37;37;;9,2;4,3;
2024/03/17;2000 UTC;0;970,1;970,4;969,9;1563,6;36,3;21,1;38,1;35,3;21,7;19,2;43;36;42;;8,3;2,9;
2024/03/17;2100 UTC;0;971,2;971,2;970,1;766,6;34,9;21,6;36,6;34,7;21,8;20,5;47;40;46;;6,9;1,7;
2024/03/17;2200 UTC;0;972,2;972,4;971,2;182,6;29,2;22,2;34,9;29,2;23,9;21,3;66;45;66;;10,2;5,2;
2024/03/17;2300 UTC;0;973,3;973,3;972,2;;27;22,5;29,2;27;22,5;22,1;76;66;76;;11,9;2,8;
2024/03/18;0000 UTC;0;974,7;974,7;973,2;;26,9;22,6;27,1;26,8;22,8;22,5;78;76;77;;6,8;2;
2024/03/18;0100 UTC;11;975,3;976,1;974,7;,2;24,5;24,1;26,9;24,5;24,2;22,5;97;77;97;;7,3;1,7;
2024/03/18;0200 UTC;2,2;976,3;976,6;975,2;;24,5;24,1;24,8;24,4;24,3;24;98;97;98;;6;2,7;
2024/03/18;0300 UTC;2;973,7;976,2;973,7;;24,5;23,9;24,7;24,4;24,3;23,8;98;96;97;;6;2;
2024/03/18;0400 UTC;1;972,6;973,7;972,6;;24,3;23,6;24,5;24,3;23,9;23,6;97;96;96;;4,4;1,5;
2024/03/18;0500 UTC;0;972,1;972,7;971,9;;24,2;23,8;24,3;24;23,8;23,6;98;96;98;;3,8;,2;
2024/03/18;0600 UTC;0;971,9;972,2;971,9;;24,2;23,8;24,2;24,1;23,9;23,8;98;98;98;;2,1;0;
2024/03/18;0700 UTC;0;971,9;972;971,8;;23,9;23,6;24,2;23,9;23,8;23,6;98;98;98;;1,1;0;
2024/03/18;0800 UTC;0;972,1;972,1;971,9;;23,6;23,4;23,9;23,6;23,6;23,4;99;98;99;;0;0;
2024/03/18;0900 UTC;0;972,4;972,4;972,1;;23,7;23,5;23,8;23,5;23,6;23,3;99;99;99;;0;0;
2024/03/18;1000 UTC;0;973,5;973,5;972,4;13,1;23,7;23,5;23,7;23,4;23,5;23,2;99;99;99;;,6;0;
2024/03/18;1100 UTC;0;974,7;974,7;973,5;331;25,1;24,9;25,1;23,6;25;23,5;99;99;99;;0;0;
2024/03/18;1200 UTC;0;975,6;975,6;974,7;1036,2;27,1;25,3;27,2;25;25,8;24,8;99;90;90;;2,3;0;
2024/03/18;1300 UTC;0;975,7;975,8;975,6;1300,8;28,9;24,8;28,9;26,8;25,3;24,3;90;77;79;;2,8;,7;
2024/03/18;1400 UTC;0;975,4;975,7;975,4;2600,6;31,3;20,1;31,4;28,9;25,8;19,4;81;50;51;;6,6;2,4;
2024/03/18;1500 UTC;,2;975,1;975,5;975,1;2726,8;31,9;18,9;32,3;31,1;25,7;17,8;72;43;46;;6,3;2,4;
2024/03/18;1600 UTC;0;974,2;975,1;974,2;2862,3;32,4;19,4;33,1;31,7;25,3;18,2;69;43;46;;6,1;2,4;
2024/03/18;1700 UTC;0;972,8;974,2;972,8;2580,4;34,2;21,8;34,2;32;25,7;19,2;63;46;49;;5,7;2,7;
2024/03/18;1800 UTC;0;971,7;972,8;971,7;2714,7;33,2;22,9;34,5;33,1;23,6;21,2;56;47;55;;6,4;1,7;
2024/03/18;1900 UTC;0;970,8;971,7;970,8;2505,8;35,1;22,3;35,4;33,2;23,6;21,5;56;45;47;;6,8;3;
2024/03/18;2000 UTC;0;970,9;971,1;970,8;1753,6;35,1;22,8;35,4;34,8;23,3;21,1;51;44;49;;6,9;2;
2024/03/18;2100 UTC;0;970,6;970,9;970,6;904,4;33,7;23,5;35,1;33,7;23,7;22,2;56;48;55;;4,1;1;
2024/03/18;2200 UTC;0;970,9;970,9;970,5;178,9;31,6;23,7;33,7;31,6;24,8;23,4;65;55;63;;3,7;,7;
2024/03/18;2300 UTC;0;971,7;971,7;970,9;;29,7;23,5;31,6;29,6;24,7;23,3;71;63;69;;2,8;0;
2024/03/19;0000 UTC;0;972,7;972,7;971,7;;28,8;23,9;30;28,8;24,2;23,2;75;68;75;;4;1,2;
2024/03/19;0100 UTC;0;973,2;973,2;972,7;;27,5;23,2;28,8;27,4;23,9;23,2;78;74;78;;4,4;1,6;
2024/03/19;0200 UTC;0;973,5;973,5;973,1;;26,8;23,1;27,5;26,7;23,2;22,9;81;77;80;;5;2,1;
2024/03/19;0300 UTC;0;973,6;973,7;973,4;;26,4;23;26,9;26,4;23,2;23;82;80;81;;4,4;1,4;
2024/03/19;0400 UTC;0;973,2;973,6;973,1;;25,6;22,4;26,4;25,6;23,2;22,3;84;81;82;;3,4;,2;
2024/03/19;0500 UTC;0;972,9;973,2;972,8;;26;22,5;26;25,6;22,6;22,3;82;81;81;;3,1;1,1;
2024/03/19;0600 UTC;0;972,9;972,9;972,7;;26,1;22,8;26,5;26;23;22,5;82;80;82;;3,8;1,1;
2024/03/19;0700 UTC;0;972,8;972,9;972,7;;24,7;22,3;26,1;24,7;22,8;22,1;87;82;87;;2,6;0;
2024/03/19;0800 UTC;0;972,9;972,9;972,6;;24,5;22,1;25,2;24,5;22,4;22;87;84;86;;2;,1;
2024/03/19;0900 UTC;0;973,1;973,1;972,9;;24;22,1;24,5;24;22,2;22;89;86;89;;1,2;0;
2024/03/19;1000 UTC;0;973,5;973,5;973,1;14;24,1;22,3;24,1;23,8;22,3;22;90;89;90;;0;0;
2024/03/19;1100 UTC;0;974,2;974,2;973,5;413,9;26;22,8;26;24,1;23,8;22,3;95;83;83;;1,8;,1;
2024/03/19;1200 UTC;0;974,8;974,8;974,2;1210,9;29,2;22,5;29,4;26;23,5;22,5;83;67;67;;2,3;,2;
2024/03/19;1300 UTC;0;974,8;974,9;974,7;2002,8;31,8;23,8;31,8;29;23,8;22,4;68;61;63;;2,9;,7;
2024/03/19;1400 UTC;0;974,5;974,9;974,5;2676,4;33,4;22,7;33,6;31,7;23,7;22,1;63;52;54;;5,8;3;
2024/03/19;1500 UTC;0;973,9;974,5;973,9;3133;34,6;21,9;34,9;33,2;23,3;21,1;55;46;48;;6,6;3,6;
2024/03/19;1600 UTC;0;972,6;973,9;972,6;3274,1;34,9;22,4;35,5;34,4;22,6;20,8;50;44;48;;7,5;2,9;
2024/03/19;1700 UTC;0;971,3;972,7;971,3;2819,1;36,2;23,4;36,3;34,1;24,2;22,2;52;46;48;;7,1;2,5;
2024/03/19;1800 UTC;0;970,2;971,3;970,2;2749,2;35,1;21,8;36,9;35,1;24,2;20,9;51;42;46;;6,3;3,7;
2024/03/19;1900 UTC;0;969,5;970,2;969,5;2469,3;36,4;20,4;37,3;35,1;22,9;20,2;46;39;40;;7;3,3;
2024/03/19;2000 UTC;0;969,5;969,6;969,4;1743,5;36,5;20,6;37;36,4;21,9;19,6;42;37;40;;5,2;2,6;
2024/03/19;2100 UTC;0;969,4;969,5;969,3;915,4;35,4;20,8;36,5;35,4;21,5;19,4;43;37;43;;3,9;0;
2024/03/19;2200 UTC;0;969,6;969,6;969,3;148,9;31;22,2;35,4;31;24,3;20,9;60;43;59;;,8;0;
2024/03/19;2300 UTC;0;970,1;970,1;969,5;;31;22,3;32,1;30,9;22,5;21,7;61;55;60;;2;0;
2024/03/20;0000 UTC;0;971,3;971,3;970,1;;30,3;22,7;31;30,3;22,8;22;64;60;64;;3,4;1,5;
2024/03/20;0100 UTC;0;972,4;972,4;971,3;;29,1;23;30,7;29,1;23,1;22,7;70;63;70;;6,4;1,8;
2024/03/20;0200 UTC;0;972,3;972,4;972,2;;28,3;23;29,1;28,3;23,1;22,9;73;70;73;;4,4;,6;
2024/03/20;0300 UTC;0;971,9;972,4;971,9;;26,5;23,1;28,4;26,5;23,2;22,9;82;73;82;;2,7;0;
2024/03/20;0400 UTC;0;971,3;971,9;971,3;;26,1;23;27,1;26,1;23,2;22,8;83;79;83;;2,2;0;
2024/03/20;0500 UTC;0;970,6;971,3;970,6;;25,6;22,9;26,1;25,5;23,1;22,9;86;84;85;;2,1;,4;
2024/03/20;0600 UTC;0;969,9;970,6;969,9;;25,6;22,7;26;25,4;22,9;22,6;85;82;84;;3,2;1,5;
2024/03/20;0700 UTC;0;969,9;970,1;969,8;;26;22,7;26,1;25,6;22,8;22,6;84;82;82;;3,7;1,9;
2024/03/20;0800 UTC;0;970;970,1;969,8;;25,2;22,6;26;25,2;22,6;22,5;85;82;85;;4,4;,8;
2024/03/20;0900 UTC;0;970,5;970,5;970;;25,3;22,6;25,4;24,8;22,8;22,4;87;85;85;;2,3;,3;
2024/03/20;1000 UTC;0;971;971;970,4;13,8;24,7;22,5;25,4;24,6;22,7;22,4;88;85;88;;2,3;0;
2024/03/20;1100 UTC;0;971,6;971,6;971;367,9;27,8;24;27,8;24,7;24;22,6;88;80;80;;2,2;,5;
2024/03/20;1200 UTC;0;971,9;971,9;971,6;1208,7;30,3;23,9;30,3;27,8;24,2;23,3;79;67;68;;4,7;1,5;
2024/03/20;1300 UTC;0;971,6;971,9;971,6;1927,7;31,7;24,1;31,9;30;24,7;23,2;69;63;64;;7,3;2,8;
2024/03/20;1400 UTC;0;971,3;971,6;971,3;2641,7;32,7;24,2;33,5;31,6;25,2;23,9;66;60;61;;6,2;3,7;
2024/03/20;1500 UTC;0;970,8;971,3;970,8;3058,9;34,5;24,4;34,8;32,7;25,1;24,1;63;55;56;;6,9;3;
2024/03/20;1600 UTC;0;969,7;970,8;969,7;3190,3;34,5;22,7;36,2;34,4;25,2;22,7;58;48;50;;8,9;4;
2024/03/20;1700 UTC;0;968,4;969,7;968,4;3163,7;36,8;21,3;36,9;34,5;24,8;21,3;53;41;41;;9,8;4,9;
2024/03/20;1800 UTC;0;967,8;968,6;967,7;3077;37,1;21,2;37,4;36;22;20,6;43;38;40;;9,4;4,3;
2024/03/20;1900 UTC;0;967;967,8;966,9;2572,9;35,7;22,9;37,9;35,6;23,2;20,8;48;39;48;;10,1;3,1;
2024/03/20;2000 UTC;0;966,5;967;966,4;1741,5;36,5;21,8;36,7;35;23,6;20,8;51;40;43;;10,1;2,6;
2024/03/20;2100 UTC;0;966,7;966,7;966,3;812,6;34,5;22,2;36,5;34,5;23,6;21;51;42;49;;7;,7;
2024/03/20;2200 UTC;0;967,5;967,5;966,7;94;30,7;23,9;34,5;30,7;24;22,9;67;49;67;;5,1;1,5;
2024/03/20;2300 UTC;0;968,3;968,3;967,5;;29,4;23,9;30,7;29,3;24;23,8;73;67;73;;3,5;1,3;
2024/03/21;0000 UTC;0;969,2;969,2;968,3;;28,8;23,9;29,4;28,8;23,9;23,6;75;71;75;;4,9;1,4;
2024/03/21;0100 UTC;0;970,3;970,3;969,2;;28,2;23,9;28,8;28,2;24,1;23,9;78;75;78;;4,6;2,2;
2024/03/21;0200 UTC;0;970,4;970,5;970,3;;28;23,5;28,2;27,9;23,9;23,5;78;77;77;;4,6;2,3;
2024/03/21;0300 UTC;0;970,4;970,6;970,4;;27,4;23,5;28;27,4;23,5;23,4;79;77;79;;4,2;1,8;
2024/03/21;0400 UTC;0;970,5;970,5;970,4;;27,4;23,4;27,6;27,2;23,5;23,4;79;78;79;;4;1,9;
2024/03/21;0500 UTC;0;970,2;970,5;970,2;;26,9;23,2;27,5;26,9;23,4;23,2;80;78;80;;4;,8;
2024/03/21;0600 UTC;0;970,1;970,2;969,9;;26;23,1;27;26;23,2;23;84;80;84;;2,9;,1;
2024/03/21;0700 UTC;0;969,6;970,1;969,6;;26,3;22,8;26,4;25,7;23,2;22,8;85;81;81;;2,4;1,1;
2024/03/21;0800 UTC;0;970;970;969,6;;25,1;22,7;26,4;25,1;22,9;22,6;87;81;87;;2,7;0;
2024/03/21;0900 UTC;0;970,4;970,4;970;;25,5;22,5;25,6;25;22,8;22,5;87;83;83;;2;,7;
2024/03/21;1000 UTC;0;971,5;971,5;970,4;8,2;25,2;22,6;25,5;25;22,6;22,4;86;83;86;;2;,4;
2024/03/21;1100 UTC;0;972,5;972,5;971,5;403,4;28,2;23,7;28,2;25,2;23,7;22,6;86;76;76;;4,1;2,4;
2024/03/21;1200 UTC;0;973;973;972,5;1200;30,4;24;30,5;28,2;24,2;23,5;76;68;69;;8,9;4,1;
2024/03/21;1300 UTC;0;973,3;973,3;972,9;2027,4;32,4;24,4;32,7;30,3;24,8;23,7;69;61;63;;10,1;6,4;
2024/03/21;1400 UTC;0;973,8;973,8;973,3;2638,9;33,9;24,2;33,9;32,4;24,7;23,7;63;57;57;;10,3;5,5;
2024/03/21;1500 UTC;0;973,3;973,8;973,3;2877,7;34,6;23,1;34,9;32,7;24,7;22,6;60;50;51;;10,3;6,2;
2024/03/21;1600 UTC;0;971,7;973,3;971,7;3343,1;35,4;22,6;35,8;34,6;23,7;21,7;52;45;48;;12;6,1;
2024/03/21;1700 UTC;0;970,8;971,7;970,8;3244,1;36,1;21;36,6;35,3;22,7;20,5;47;40;42;;12,3;6,7;
2024/03/21;1800 UTC;0;972,3;972,4;970,1;2656,6;24;19,2;37,3;24;21,9;15,9;74;38;74;;16,1;6,9;
2024/03/21;1900 UTC;8,2;973,1;973,2;972,3;760,8;22,7;19,6;24;21;21,1;17,7;96;73;83;;16,1;4,6;
2024/03/21;2000 UTC;,2;973;973,3;972,7;742,9;22,8;20,1;23,2;22,5;20,5;19,3;88;81;85;;9,8;3,1;
2024/03/21;2100 UTC;0;973,6;973,7;972,8;173,9;23,9;19,5;23,9;22,6;20,2;19,2;86;77;77;;7,6;,5;
2024/03/21;2200 UTC;0;973,7;973,7;973,5;57,3;23,5;20,2;23,9;23,4;20,2;19,4;82;76;82;;3;0;
2024/03/21;2300 UTC;0;973,8;973,8;973,5;;23,3;20,5;23,5;23;20,5;19,1;85;77;85;;1,2;,1;
2024/03/22;0000 UTC;0;974,1;974,1;973,8;;22,1;19,8;23,3;22,1;20,8;19,7;87;84;87;;1,3;0;
2024/03/22;0100 UTC;0;974;974,2;974;;21,4;19;22,1;21,4;19,7;19;88;87;87;;2,3;1,1;
2024/03/22;0200 UTC;0;974,1;974,2;973,9;;20,9;17,6;21,3;20,9;19;17,6;87;81;81;;2,4;1,5;
2024/03/22;0300 UTC;0;973,6;974,1;973,6;;20,7;18,2;21;20,7;18,5;17,2;86;79;85;;3,1;1,2;
2024/03/22;0400 UTC;0;973,9;973,9;973,6;;20,9;18,4;20,9;20,6;18,8;18;89;85;86;;2,9;,4;
2024/03/22;0500 UTC;0;975;975;973,9;;21,5;18;21,5;20,9;18,4;18;86;81;81;;5,1;2,2;
2024/03/22;0600 UTC;0;975,6;975,7;975;;21,5;16,9;21,8;21,4;18;16,9;81;75;75;;5,1;1,6;
2024/03/22;0700 UTC;0;975,6;975,7;975,5;;21,3;16,6;21,7;21,1;16,9;16,6;75;74;75;;4,5;,6;
2024/03/22;0800 UTC;0;975,7;975,8;975,5;;21,3;16,9;21,4;21,3;16,9;16,5;76;74;76;;4,4;1,2;
2024/03/22;0900 UTC;0;976,1;976,1;975,7;;21,4;17,2;21,4;21,3;17,2;16,9;77;76;77;;4,6;1,1;
2024/03/22;1000 UTC;0;976,2;976,3;976,1;4,4;21,4;17,2;21,4;21,3;17,3;17,2;78;77;77;;4,1;,7;
2024/03/22;1100 UTC;0;976,7;976,7;976,1;281,1;22,2;18;22,3;21,4;18,5;17,2;81;76;77;;2,6;,3;
2024/03/22;1200 UTC;0;977,2;977,2;976,7;937,9;23,4;17,5;23,5;22;18,4;17,2;78;69;69;;4,6;2,3;
2024/03/22;1300 UTC;0;977,4;977,4;977,1;1514;25,1;17,6;25,2;23,4;18,2;17,2;70;62;63;;4,6;1,5;
2024/03/22;1400 UTC;0;977,5;977,5;977,4;2469,8;27,2;17,5;27,6;25,1;18,7;17,1;65;54;56;;4,4;,7;
2024/03/22;1500 UTC;,2;977,1;977,6;977,1;2046,5;28,6;18,9;28,7;26,8;19,3;16,9;58;54;56;;4,4;,4;
2024/03/22;1600 UTC;0;976,6;977,1;976,6;1871,2;29;18,3;29,2;28,1;19,4;17,6;59;50;52;;4,6;,9;
2024/03/22;1700 UTC;0;976,1;976,6;976;1567;29,4;17,1;29,8;28,5;19,1;16;56;44;48;;4,1;1,5;
2024/03/22;1800 UTC;0;975,3;976,1;975,3;1283,2;30,1;18,2;30,3;29,3;19,4;16,8;52;46;49;;3,7;,4;
2024/03/22;1900 UTC;0;974,8;975,3;974,8;1549,5;30,3;17,9;31;30;19,1;17,3;51;45;47;;3,2;0;
2024/03/22;2000 UTC;0;974,4;974,8;974,4;1299,3;31,2;18,3;31,5;30;18,8;17,5;51;45;46;;2,3;,3;
2024/03/22;2100 UTC;0;974,5;974,5;974,3;844,2;30,6;17,5;31,2;30,6;18,7;16,8;48;42;46;;3,5;,6;
2024/03/22;2200 UTC;0;974,9;974,9;974,5;84,4;27,5;21,1;30,6;27,5;22,3;17,5;70;45;68;;2,6;0;
2024/03/22;2300 UTC;0;975,2;975,2;974,9;;27,8;19;28;26,7;21,5;18,9;70;59;59;;2,2;0;
2024/03/23;0000 UTC;0;975,9;975,9;975,2;;25,7;20,6;27,8;25,6;20,6;19,1;74;59;74;;2,1;0;
2024/03/23;0100 UTC;0;976,3;976,4;975,9;;25;22;25,7;25;22,1;20,6;84;74;84;;0;0;
2024/03/23;0200 UTC;0;977;977;976,1;;26;22,1;26,2;24,7;22,1;20,4;84;71;79;;7,1;2,1;
2024/03/23;0300 UTC;0;976,8;977,2;976,8;;24,9;21;26;24,9;22,3;20,9;82;76;79;;7,1;1,5;
2024/03/23;0400 UTC;0;976,8;976,9;976,7;;24,7;20,8;24,9;24,7;21,1;20,8;80;79;79;;4,8;1,1;
2024/03/23;0500 UTC;0;976,6;976,8;976,6;;24,6;19,7;24,8;24,6;20,8;19,7;79;74;74;;6,1;2;
2024/03/23;0600 UTC;0;976,5;976,6;976,5;;24,4;17,7;24,7;24,3;19,6;17,6;74;66;66;;8,8;3,9;
2024/03/23;0700 UTC;0;976,4;976,5;976,3;;23,6;17,3;24,4;23,6;17,6;17,3;69;66;68;;10,4;2,5;
2024/03/23;0800 UTC;0;976,6;976,6;976,4;;23,2;17,6;23,6;23,1;17,7;17,3;71;68;71;;7,5;2,2;
2024/03/23;0900 UTC;0;977;977;976,6;;22,7;16,6;23,2;22,7;17,6;16,4;71;66;68;;7,2;2,3;
2024/03/23;1000 UTC;0;977,4;977,5;977;8,2;22,2;16,6;22,7;22,2;16,9;16,3;70;68;70;;6,5;1,4;
2024/03/23;1100 UTC;0;978;978;977,4;224,2;22,8;16,8;22,8;22,2;17;16,5;72;69;69;;5,3;1,6;
2024/03/23;1200 UTC;0;978,6;978,6;978;586,4;23,5;18;23,5;22,8;18,1;16,4;72;65;72;;8,1;2,5;
2024/03/23;1300 UTC;0;979;979;978,5;856;23,9;16,8;24,1;23,4;18,1;16,3;72;63;64;;9,2;3,4;
2024/03/23;1400 UTC;0;979;979,1;979;1587,5;25,3;18,4;25,5;23,9;18,9;16,7;69;64;66;;8,1;3,2;
2024/03/23;1500 UTC;0;978,7;979;978,7;1526,9;25,3;18,3;25,8;25,2;18,7;16,9;66;59;65;;9,4;3,9;
2024/03/23;1600 UTC;0;977,9;978,7;977,9;1254,4;25,8;17,9;26,2;25,3;19,2;17,4;66;60;62;;8,4;2,2;
2024/03/23;1700 UTC;0;977,3;977,9;977,3;771,7;26,1;19,1;26,1;25,6;19,2;17,6;67;61;65;;7,2;1,5;
2024/03/23;1800 UTC;0;976,5;977,4;976,5;928;26,2;19;26,5;26;19,4;18,8;66;64;65;;7;2,4;
2024/03/23;1900 UTC;0;976,3;976,6;976,3;631,7;26;19;26,5;25,8;19,5;18,8;66;64;66;;6,3;1,6;
2024/03/23;2000 UTC;0;975,7;976,3;975,7;557,4;26;19,2;26,2;26;19,4;18,8;67;64;66;;5,6;1,5;
2024/03/23;2100 UTC;0;975,7;975,7;975,6;245,5;25,6;17,6;26;25,6;19,3;17,4;67;60;61;;5,1;,9;
2024/03/23;2200 UTC;0;976,2;976,2;975,7;31,2;25;17,3;25,6;25;19,2;17,2;68;61;62;;5;1;
2024/03/23;2300 UTC;0;976,6;976,6;976,2;;24,7;17,1;25,1;24,7;17,3;16,8;63;61;63;;7,7;1,9;
2024/03/24;0000 UTC;0;977,4;977,4;976,6;;24,5;16,8;24,8;24,5;17,2;16,8;63;62;62;;8,3;2,6;
2024/03/24;0100 UTC;0;978;978;977,4;;23,9;17,4;24,6;23,9;17,5;16,8;67;62;67;;7,7;,7;
2024/03/24;0200 UTC;0;977,7;978;977,7;;23,8;17,2;24;23,8;17,5;17,1;67;66;66;;6,7;1,7;
2024/03/24;0300 UTC;0;977,3;977,7;977,3;;23,3;17,5;23,8;23,3;17,6;17,2;70;67;70;;4,9;1,3;
2024/03/24;0400 UTC;0;976,9;977,3;976,9;;23,1;17,7;23,3;23;17,7;17,5;72;70;72;;3,9;1,2;
2024/03/24;0500 UTC;0;976,4;976,9;976,4;;22,8;17,8;23,1;22,8;17,8;17,7;73;72;73;;3,9;,7;
2024/03/24;0600 UTC;0;976,1;976,4;976;;22,6;17,7;22,8;22,6;17,8;17,6;74;73;74;;6,1;1,7;
2024/03/24;0700 UTC;0;975,9;976,1;975,8;;22,2;17,8;22,6;21,6;18,1;17,7;80;74;76;;6,1;1,1;
2024/03/24;0800 UTC;0;975,8;975,9;975,8;;22,5;17,7;22,5;22,2;17,8;17,7;76;74;75;;4,8;1,3;
2024/03/24;0900 UTC;0;976;976;975,8;;22,2;17,8;22,5;22,2;17,9;17,7;76;74;76;;4,8;1,3;
2024/03/24;1000 UTC;0;976,3;976,3;976;5,8;22;18;22,2;22;18,1;17,8;79;76;78;;4,7;1;
2024/03/24;1100 UTC;0;976,7;976,7;976,3;172,2;22,4;18,4;22,4;21,9;18,4;18,1;79;78;78;;5;2,1;
2024/03/24;1200 UTC;0;977,1;977,1;976,7;446,5;22,8;18,9;22,8;22,4;18,9;18,4;79;78;78;;6,4;2,4;
2024/03/24;1300 UTC;0;977,3;977,5;977,1;719,3;23,3;19;23,4;22,7;19,2;18,6;79;77;77;;6,6;2,3;
2024/03/24;1400 UTC;0;977,3;977,4;977,2;1215,5;24,2;19,7;24,2;23,2;19,7;18,9;78;75;76;;7;2,3;
2024/03/24;1500 UTC;0;976,8;977,3;976,8;1036,7;24,7;19,8;24,7;24;19,9;19,4;76;74;74;;5,9;1,6;
2024/03/24;1600 UTC;0;976,2;976,8;976,2;1155,4;25,3;20,1;25,5;24,7;20,4;19,7;75;72;73;;5,7;1,7;
2024/03/24;1700 UTC;0;975,6;976,2;975,6;872,2;25,5;20,2;26;25,1;20,6;19,9;74;71;73;;4,5;1;
2024/03/24;1800 UTC;0;974,7;975,6;974,7;683,5;26,2;20,6;26,4;25,5;20,8;20,2;74;70;71;;3,9;1,3;
2024/03/24;1900 UTC;0;974,1;974,7;974,1;775,2;26;20,6;26,6;26;20,9;20,3;72;69;72;;4,1;2;
2024/03/24;2000 UTC;0;974,1;974,2;974,1;295,3;25,6;20,7;26,2;25,6;20,9;20,5;75;72;74;;5,1;1,8;
2024/03/24;2100 UTC;0;974,1;974,2;974;123,7;25,3;20,8;25,7;25,3;20,8;20,6;76;74;76;;4,4;,7;
2024/03/24;2200 UTC;0;974,5;974,5;974,1;20,5;24,8;20,5;25,3;24,8;20,8;20,5;78;76;77;;4,9;,5;
2024/03/24;2300 UTC;0;975;975;974,5;;24,4;20,5;24,8;24,4;20,6;20,5;79;77;79;;2,9;,8;
2024/03/25;0000 UTC;0;975,7;975,7;975;;24,3;20,5;24,5;24,3;20,5;20,4;79;78;79;;3,9;,5;
2024/03/25;0100 UTC;0;976,2;976,2;975,7;;23,9;20,5;24,3;23,9;20,5;20,4;81;79;81;;3,9;,4;
2024/03/25;0200 UTC;0;976,4;976,4;976,2;;23,6;20,5;23,9;23,6;20,6;20,5;83;81;83;;3;,1;
2024/03/25;0300 UTC;0;976,5;976,5;976,4;;23,3;20,5;23,6;23,3;20,6;20,5;85;83;84;;4,6;1,9;
2024/03/25;0400 UTC;0;976,3;976,5;976,3;;23;20,6;23,3;23;20,6;20,4;86;84;86;;4,6;,4;
2024/03/25;0500 UTC;0;975,8;976,4;975,8;;22,8;20,5;23;22,8;20,6;20,5;87;86;87;;3,3;,5;
2024/03/25;0600 UTC;0;975;975,8;975;;22,6;20,5;22,8;22,6;20,5;20,5;88;87;88;;2,4;,1;
2024/03/25;0700 UTC;0;974,7;975;974,7;;22,3;20,5;22,6;22,3;20,6;20,5;90;88;90;;1,6;0;
2024/03/25;0800 UTC;0;974,6;974,8;974,6;;22,2;20,6;22,3;22;20,7;20,4;91;90;91;;,3;0;
2024/03/25;0900 UTC;0;974,8;974,8;974,5;;22,1;20,6;22,2;22,1;20,7;20,6;91;91;91;;1,5;,2;
2024/03/25;1000 UTC;0;975,1;975,1;974,8;10,7;22,3;20,7;22,3;22,1;20,8;20,6;91;91;91;;1,6;,1;
2024/03/25;1100 UTC;0;975,6;975,6;975;193,9;22,8;20,8;23,1;22,3;21;20,7;91;88;88;;3,5;,9;
2024/03/25;1200 UTC;0;976,1;976,1;975,6;252,8;23,4;20,8;23,4;22,8;21,1;20,6;89;85;85;;3,8;1;
2024/03/25;1300 UTC;0;976,5;976,5;976,1;375,3;24,3;21,4;24,3;23,4;21,4;20,7;85;82;84;;3,3;,6;
2024/03/25;1400 UTC;0;976,5;976,6;976,4;592,8;24,9;21,5;24,9;24,2;21,5;20,8;84;80;81;;3,2;,7;
2024/03/25;1500 UTC;0;976;976,5;976;1113,3;26,1;21,4;26,4;24,5;21,9;20,9;82;75;75;;3,1;1;
2024/03/25;1600 UTC;0;975,1;976;975,1;2089,3;28,9;21,8;29;26,1;22,4;21,1;76;66;66;;4;1,4;
2024/03/25;1700 UTC;0;974,1;975,1;974,1;2628,7;29,5;22;29,9;27,9;22,7;20,9;68;62;64;;5;1,8;
2024/03/25;1800 UTC;0;972,9;974,1;972,9;2421,9;30,4;22,3;30,6;29;22,3;21;65;59;62;;6;2,1;
2024/03/25;1900 UTC;0;972,1;972,9;972,1;2219;30,5;21,8;31,2;29,6;22,5;20,9;64;57;60;;6,1;2,7;
2024/03/25;2000 UTC;0;972,1;972,2;971,9;1085,9;29,5;21,7;30,8;29,2;21,9;21,1;63;58;63;;6,6;2;
2024/03/25;2100 UTC;0;972,2;972,3;972,1;482,1;29;21,7;30;28,6;22,1;21,3;66;61;65;;6,7;2,1;
2024/03/25;2200 UTC;0;972,8;972,8;972,2;90,2;27;21,5;29;27;21,8;21,4;72;64;72;;5,7;,3;
2024/03/25;2300 UTC;0;973,3;973,3;972,8;;26;21,1;27;26;21,5;21;75;72;75;;3;,1;
2024/03/26;0000 UTC;0;974,1;974,1;973,3;;25,1;21;26;25,1;21,1;21;78;75;78;;1,8;0;
2024/03/26;0100 UTC;0;974,7;974,8;974,1;;23,4;20,6;25,1;23,4;21;20,4;84;78;84;;1,3;0;
2024/03/26;0200 UTC;0;975,1;975,2;974,7;;23,8;20,7;24,1;23,3;20,9;20,5;85;82;83;;1,3;0;
2024/03/26;0300 UTC;0;975,1;975,2;975,1;;23,4;20,5;23,9;23,4;20,8;20,4;84;83;84;;1;0;
2024/03/26;0400 UTC;0;974,9;975,1;974,9;;22,6;20,4;23,4;22,6;20,5;20,4;87;84;87;;,7;0;
2024/03/26;0500 UTC;0;974,6;974,9;974,6;;21,5;19,9;22,6;21,5;20,3;19,8;91;87;90;;0;0;
2024/03/26;0600 UTC;0;974;974,6;974;;20,8;19,7;21,5;20,8;19,9;19,5;94;90;94;;0;0;
2024/03/26;0700 UTC;0;973,6;974;973,6;;21,8;20,1;22,2;20,7;21;19,6;94;90;90;;1,7;0;
2024/03/26;0800 UTC;0;973,5;973,6;973,5;;20,8;19,5;21,8;20,6;20,1;19,1;92;90;92;;,9;0;
2024/03/26;0900 UTC;0;974,1;974,1;973,5;;20;18,7;21,3;20;20;18,6;93;91;92;;,8;0;
2024/03/26;1000 UTC;0;974,5;974,5;974;10,8;20;19,1;20,1;19,6;19,1;18,6;95;92;95;;0;0;
2024/03/26;1100 UTC;0;975,4;975,4;974,5;393,2;23,2;20,7;23,4;20;21,8;19,1;95;86;86;;1,7;,1;
2024/03/26;1200 UTC;0;976,1;976,1;975,4;760,9;24,1;21,3;24,1;23;21,3;20,4;87;83;84;;2,8;,7;
2024/03/26;1300 UTC;0;976,3;976,3;976,1;1455,4;27,7;21,9;28,6;24,2;23;20,9;84;69;71;;5;2,5;
2024/03/26;1400 UTC;0;976,2;976,4;976,2;2533,6;29,6;22;29,7;27,2;22,6;21,3;72;63;64;;5,9;1,8;
2024/03/26;1500 UTC;0;975,9;976,3;975,9;2748,2;30,1;22,2;31,1;28,7;23,4;21,4;67;60;62;;4,7;1,7;
2024/03/26;1600 UTC;0;975;975,9;975;2404,5;30,9;22,1;31,7;29,9;22,6;21,4;63;56;60;;5,4;2,1;
2024/03/26;1700 UTC;0;974;975;974;3393,7;32;21,1;32,7;30,9;22,4;20,6;59;49;52;;9,4;2;
2024/03/26;1800 UTC;0;972,8;974;972,8;3192,3;33,2;20,8;33,7;31,9;21,9;20,1;53;46;48;;7,1;2,9;
2024/03/26;1900 UTC;0;972,8;972,9;972,7;1159,3;30,3;21,5;33,4;30,2;21,7;19,7;60;46;60;;8,2;3,4;
2024/03/26;2000 UTC;0;972,5;972,8;972,5;964,1;30;21,2;30,3;30;21,6;20,6;61;57;59;;6,5;2,9;
2024/03/26;2100 UTC;0;972,6;972,6;972,4;443,1;28,8;21,7;30,1;28,8;21,7;21,2;66;59;66;;7,6;3,2;
2024/03/26;2200 UTC;0;973,1;973,1;972,6;57;27,2;21,9;28,8;27,2;21,9;21,1;72;65;72;;7,6;2,1;
2024/03/26;2300 UTC;0;973,6;973,6;973,1;;26,2;21,8;27,3;26,2;22;21,8;77;72;76;;5,3;1,6;
2024/03/27;0000 UTC;0;974,6;974,6;973,6;;25,3;21,3;26,2;25,3;21,7;21,3;79;76;79;;4,1;,4;
2024/03/27;0100 UTC;0;975,3;975,3;974,5;;24,6;21,1;25,3;24,6;21,3;21,1;81;79;81;;2,7;,3;
2024/03/27;0200 UTC;0;975,5;975,5;975,3;;23,8;21,1;24,6;23,8;21,1;20,9;85;81;85;;2,5;0;
2024/03/27;0300 UTC;0;975,6;975,9;975,5;;23,3;20,8;23,9;23;21,1;20,7;87;84;86;;1,6;,1;
2024/03/27;0400 UTC;0;975,4;975,7;975,3;;22,7;20,6;23,3;22,7;20,8;20,6;88;86;88;;1,3;0;
2024/03/27;0500 UTC;0;975,3;975,4;975,2;;22,3;20,5;22,7;22,3;20,7;20,4;89;88;89;;1,6;,2;
2024/03/27;0600 UTC;0;975,2;975,3;975,1;;22,2;20,5;22,4;22,1;20,6;20,4;90;89;90;;1,6;,1;
2024/03/27;0700 UTC;0;975,2;975,3;975,1;;21,6;20,1;22,2;21,6;20,5;20,1;91;90;91;;1,4;0;
2024/03/27;0800 UTC;0;975,2;975,4;975,2;;21,7;20,5;21,7;21,3;20,5;20;93;91;93;;,7;0;
2024/03/27;0900 UTC;0;975,6;975,7;975,2;;21,7;20,5;21,7;21,6;20,5;20,3;93;92;93;;,9;0;
2024/03/27;1000 UTC;0;976,1;976,1;975,5;2,9;22,5;21;22,5;21,7;21;20,5;93;91;91;;1,1;0;
2024/03/27;1100 UTC;0;977,1;977,1;976,1;126,4;22,9;21,3;22,9;22,3;21,3;20,8;92;91;91;;1,4;,1;
2024/03/27;1200 UTC;0;977,8;977,8;977,1;521,8;24,1;20,9;24,2;22,8;22;20,9;91;82;83;;3,5;1;
2024/03/27;1300 UTC;0;978,2;978,2;977,8;2047,7;26,5;21,5;26,8;24,1;22;20,8;83;72;74;;6,6;3,1;
2024/03/27;1400 UTC;0;978,2;978,3;978,1;2146,8;26,9;20,6;28;25,7;22,1;20,4;76;67;68;;7,1;2,8;
2024/03/27;1500 UTC;0;978;978,3;977,9;2378,5;28,7;20,7;28,7;26,8;21,8;20,1;70;61;62;;7,8;3,1;
2024/03/27;1600 UTC;0;977,5;978;977,4;2529,5;28,5;20;29,5;27,8;21,1;19,3;63;57;60;;6;2;
2024/03/27;1700 UTC;0;976,4;977,5;976,4;2446,6;30,1;20,7;30,1;28,1;21,3;19,5;62;55;57;;5,4;1,8;
2024/03/27;1800 UTC;0;975,5;976,4;975,5;2696,9;29,9;19,6;31,4;29,6;20,5;18;57;50;54;;6,1;1,7;
2024/03/27;1900 UTC;0;974,9;975,5;974,9;1984;30,9;19,3;31,1;29,5;20;18,5;54;50;50;;5,4;,9;
2024/03/27;2000 UTC;0;974,7;974,9;974,6;1287,2;30,8;19,3;31;30;19,7;18,5;53;49;50;;5;,8;
2024/03/27;2100 UTC;,8;975;975;974,5;449,9;25,4;21,2;30,9;24,8;21,3;18,4;79;49;78;;10,5;,1;
2024/03/27;2200 UTC;0;975,3;975,3;975;60,2;25,5;20,9;25,7;25,2;21,7;20,9;80;76;76;;2;0;
2024/03/27;2300 UTC;0;975,9;975,9;975,3;1,9;24,9;20,3;25,7;24,8;20,9;20,2;76;73;75;;2;,1;
2024/03/28;0000 UTC;0;976,7;976,7;975,9;;24,9;20,3;25,1;24,5;20,3;20,1;77;75;76;;3;,4;
2024/03/28;0100 UTC;0;977,5;977,5;976,7;;23,9;20,4;25;23,9;20,5;20,2;81;75;81;;4,4;1,2;
2024/03/28;0200 UTC;0;977,7;977,7;977,5;;23,1;20,3;23,9;23,1;20,4;20,2;84;81;84;;4,3;1,5;
2024/03/28;0300 UTC;0;977,7;977,8;977,6;;22,4;20,1;23,1;22,4;20,3;20,1;87;84;87;;3,8;,8;
2024/03/28;0400 UTC;0;978,1;978,1;977,7;;21,6;19,7;22,4;21,6;20,1;19,7;89;87;89;;3;,5;
2024/03/28;0500 UTC;0;977,9;978,2;977,9;;21,2;19,7;21,7;21,2;19,9;19,6;91;89;91;;2,2;0;
2024/03/28;0600 UTC;0;977,7;978;977,7;;21;19,6;21,2;21;19,8;19,6;92;91;92;;1,2;0;
2024/03/28;0700 UTC;0;977,7;977,8;977,7;;20,9;19,7;21;20,7;19,7;19,5;93;92;93;;2,2;,6;
2024/03/28;0800 UTC;0;977,5;977,7;977,4;;21,3;20;21,3;20,9;20;19,8;93;92;92;;3,1;,2;
2024/03/28;0900 UTC;0;978;978;977,5;;21,1;19,8;21,4;21,1;20;19,8;92;92;92;;2;,3;
2024/03/28;1000 UTC;0;978,3;978,3;978;5,4;21,7;20,4;21,7;21,1;20,4;19,7;93;91;92;;2,9;,4;
2024/03/28;1100 UTC;0;979;979;978,3;164,5;22,4;20,9;22,4;21,7;20,9;20,4;92;91;91;;3,9;,2;
2024/03/28;1200 UTC;0;979,5;979,5;979;464,9;23,5;20,7;23,5;22,4;20,9;20,5;91;84;84;;4,3;1,1;
2024/03/28;1300 UTC;0;979,8;979,8;979,5;660,2;24,3;21;24,3;23,5;21;20,4;84;81;82;;4,3;1,4;
2024/03/28;1400 UTC;0;979,7;979,8;979,7;1215,3;25,9;21,2;26,1;24,3;21,8;20,7;82;75;75;;5,8;1,1;
2024/03/28;1500 UTC;0;979,2;979,7;979,2;1409,4;26,8;21;26,9;25,4;21,5;20,7;77;70;70;;5,7;1,4;
2024/03/28;1600 UTC;0;978,8;979,2;978,7;992,7;25,2;21,5;27;25,2;21,7;20,7;81;69;80;;5,7;,6;
2024/03/28;1700 UTC;0;977,9;978,8;977,9;1453,7;27,5;22;27,5;25,2;22,3;21,3;83;71;72;;4;1,7;
2024/03/28;1800 UTC;0;977,3;977,9;977,3;1789,3;28,5;21,4;28,5;27,3;21,8;21,2;72;65;66;;6,4;2,2;
2024/03/28;1900 UTC;0;976,6;977,3;976,6;2162;29;20,8;29,7;28;21,7;20,5;67;60;61;;6;2,3;
2024/03/28;2000 UTC;0;976,5;976,7;976,5;1516,7;29,3;20,7;29,7;28,7;21,2;20,4;63;59;60;;5,6;2,3;
2024/03/28;2100 UTC;0;976,5;976,5;976,4;772,4;28,9;20,3;29,5;28,9;21;20,2;61;58;60;;5;,9;
2024/03/28;2200 UTC;0;976,7;976,8;976,5;82,6;26,7;20,2;28,9;26,7;20,3;20,1;68;59;68;;5,1;,2;
2024/03/28;2300 UTC;0;977,2;977,2;976,7;;24,1;19,6;26,7;24,1;20,3;19,6;76;68;76;;1,7;0;
2024/03/29;0000 UTC;0;977,8;977,8;977,2;;23,9;19,8;24,2;23,5;19,8;19,5;78;76;78;;1,3;0;
2024/03/29;0100 UTC;0;978,2;978,2;977,8;;24,2;19,3;24,3;24;19,8;19,3;78;74;74;;3,3;,3;
2024/03/29;0200 UTC;0;978,6;978,6;978,2;;23,8;19,5;24,4;23,8;19,5;19,3;77;74;77;;3,2;,1;
2024/03/29;0300 UTC;0;978,5;978,6;978,5;;22,9;19,2;23,8;22,9;19,6;19,2;79;77;79;;2;0;
2024/03/29;0400 UTC;0;978,6;978,7;978,5;;22;19,1;22,9;22;19,4;19,1;83;79;83;;1,7;0;
2024/03/29;0500 UTC;0;978,4;978,8;978,4;;21;19;22,1;21;19,3;18,7;89;83;89;;1,4;0;
2024/03/29;0600 UTC;0;977,8;978,4;977,8;;20,6;18,9;21,4;20,6;19,7;18,9;92;88;90;;1;0;
2024/03/29;0700 UTC;0;977,5;977,8;977,4;;20;18,8;20,8;20;19,1;18,4;93;89;93;;0;0;
2024/03/29;0800 UTC;0;977,5;977,6;977,4;;19,9;18,7;20,3;19,7;19,3;18,6;95;92;93;;2,1;,3;
2024/03/29;0900 UTC;0;977,7;977,7;977,4;;19,5;18,7;19,9;19,5;18,8;18,5;95;93;95;;1,9;0;
2024/03/29;1000 UTC;0;978,3;978,3;977,7;10,9;19,5;18,6;19,6;19,3;18,8;18,3;96;94;95;;1,4;0;
2024/03/29;1100 UTC;0;979,1;979,1;978,3;412,3;20,9;19,6;20,9;19,5;19,9;18,6;96;92;92;;1,4;,3;
2024/03/29;1200 UTC;0;979,4;979,4;979;724,1;22,9;20,5;23;20,9;20,9;19,5;93;85;86;;1,8;,2;
2024/03/29;1300 UTC;0;979,4;979,4;979,3;1497;26;21,6;26,7;22,9;22,7;20,5;87;75;77;;5,6;2;
2024/03/29;1400 UTC;0;979,3;979,4;979,2;1464,5;25,6;21,1;26,8;25,3;22,1;20,8;79;74;76;;7,2;2,9;
2024/03/29;1500 UTC;0;978,5;979,3;978,5;1671,4;27,8;21,4;28;25,4;22,3;20,9;78;68;68;;5,5;,8;
2024/03/29;1600 UTC;0;977,6;978,5;977,6;2097,2;29,6;22,1;29,6;27,7;22,1;20,9;69;62;64;;5,6;1,2;
2024/03/29;1700 UTC;0;977,1;977,6;977,1;1695,5;29,7;21;29,9;28,7;22;20,7;65;58;59;;5,5;1,9;
2024/03/29;1800 UTC;0;976,4;977,1;976,4;1331;29,7;21,2;30,1;29,4;21,9;20,7;63;58;60;;6,5;1,6;
2024/03/29;1900 UTC;0;975,5;976,4;975,5;1442,3;30,1;21,3;30,6;29,5;21,8;20,6;62;58;59;;4,3;1,6;
2024/03/29;2000 UTC;0;975;975,5;975;1523,3;30,5;21,1;31,1;30;21,7;20,6;59;56;57;;5,3;1,3;
2024/03/29;2100 UTC;0;974,9;975;974,8;655,9;29,1;21,1;30,5;29;21,3;20,7;63;57;62;;5,3;1;
2024/03/29;2200 UTC;0;975;975,1;974,8;54,5;27,1;21,6;29,1;27,1;21,8;21,1;73;62;72;;3,1;,2;
2024/03/29;2300 UTC;0;975,5;975,5;975;;26;21,7;27,1;25,9;21,7;21,4;77;71;77;;2,7;,1;
2024/03/30;0000 UTC;0;976,4;976,4;975,5;;25,1;21,3;26;25,1;21,7;21,3;81;76;80;;1,3;0;
2024/03/30;0100 UTC;0;977,2;977,2;976,4;;24,4;21,6;25,1;23,9;21,7;21,1;87;80;84;;1;0;
2024/03/30;0200 UTC;0;977,3;977,4;977,1;;24,1;21,5;24,5;24;21,7;21,3;86;83;85;;2,1;,2;
2024/03/30;0300 UTC;0;977,7;977,7;977,3;;23,6;21,3;24,2;23,6;21,6;21,1;87;84;87;;2,3;0;
2024/03/30;0400 UTC;0;977,1;977,7;977,1;;23;21;23,7;23;21,4;21;89;86;88;;1,7;0;
2024/03/30;0500 UTC;0;976,7;977,1;976,7;;22,7;21,5;23;22,4;21,5;20,9;93;88;93;;1;0;
2024/03/30;0600 UTC;0;976,2;976,6;976,2;;22;21;22,9;22;21,7;20,9;94;92;94;;1,1;0;
2024/03/30;0700 UTC;0;976,3;976,3;976,2;;21,5;20,7;22,2;21,5;21,3;20,7;95;94;95;;1,1;0;
2024/03/30;0800 UTC;0;976,4;976,4;976,2;;21,1;20,5;21,5;21,1;20,8;20,5;97;95;96;;1,3;0;
2024/03/30;0900 UTC;0;976,5;976,6;976,4;;21;20,5;21,1;20,7;20,6;20,1;97;96;97;;0;0;
2024/03/30;1000 UTC;0;977,4;977,4;976,5;10,2;20,7;20,2;21;20,4;20,5;20;98;97;97;;0;0;
2024/03/30;1100 UTC;0;977,9;977,9;977,4;377,7;24,8;23,5;24,8;20,6;24,2;20,2;98;93;93;;0;0;
2024/03/30;1200 UTC;0;978,2;978,2;977,9;976,6;26,5;23,1;26,6;24,4;23,5;22,1;93;82;82;;1,5;,1;
2024/03/30;1300 UTC;0;978;978,3;978;1973,6;28,8;23,2;29;26,5;24,1;22,8;83;72;72;;3,6;,3;
2024/03/30;1400 UTC;0;977,6;978;977,6;2539,7;30,2;23,7;30,3;28,5;23,8;22,6;73;66;68;;3,3;,5;
2024/03/30;1500 UTC;0;977,2;977,6;977,2;2506,9;31,9;23,3;31,9;29,7;23,9;21,9;69;58;61;;4;1,5;
2024/03/30;1600 UTC;0;976,3;977,2;976,3;1877,2;31,6;21,9;32,1;31;23;21,4;60;55;56;;3,4;,1;
2024/03/30;1700 UTC;0;975,2;976,3;975,2;2047,6;32,3;22,1;33,2;31,6;23,9;21,5;60;52;55;;3,1;,2;
2024/03/30;1800 UTC;0;973,9;975,2;973,9;2958,9;33;21,5;34,1;32,3;22,9;21;55;48;51;;4,4;1,4;
2024/03/30;1900 UTC;0;973;973,9;973;2394,5;34,1;21,7;35,3;33;22,9;20,8;52;45;48;;4,4;,4;
2024/03/30;2000 UTC;0;972,9;973;972,7;1119,2;33;20,7;34,7;32,8;22;19,8;50;45;48;;3,3;,9;
2024/03/30;2100 UTC;0;973,1;973,1;972,9;335,2;30,1;21,9;33;30,1;22,9;20;63;47;61;;2,7;0;
2024/03/30;2200 UTC;0;973,4;973,4;973,1;37,5;27,4;23,3;30,1;27,4;23,6;21,4;79;62;79;;1,2;0;
2024/03/30;2300 UTC;0;974,6;974,6;973,4;;27;23;27,4;26,7;23,6;22,8;83;78;79;;3,8;2,1;
2024/03/31;0000 UTC;0;975,2;975,2;974,6;;25,9;22,4;27,1;25,9;23;22,4;82;78;81;;4,7;2,3;
2024/03/31;0100 UTC;0;976,2;976,2;975,2;;25,6;22,3;26;25,5;22,6;22,2;83;80;82;;4,3;,7;
2024/03/31;0200 UTC;0;976,6;976,7;976,2;;25,4;22,2;26;25,4;22,4;22;82;79;82;;3,4;0;
2024/03/31;0300 UTC;0;976,8;976,8;976,5;;24,7;22,2;25,4;24,6;22,5;22;87;82;86;;1,6;0;
2024/03/31;0400 UTC;0;976,4;976,9;976,4;;24,3;22,2;24,7;24,2;22,3;22;88;86;88;;3,1;1,6;
2024/03/31;0500 UTC;0;975,7;976,4;975,7;;23,7;21,8;24,4;23,7;22,2;21,7;90;87;89;;3;,1;
2024/03/31;0600 UTC;0;975,2;975,7;975,2;;23,1;21,9;23,7;23,1;22;21,7;93;89;93;;1,8;,1;
2024/03/31;0700 UTC;0;974,9;975,2;974,7;;22,6;21,9;23,1;22,5;21,9;21,4;96;92;96;;2;,5;
2024/03/31;0800 UTC;0;975;975;974,7;;22,4;21,8;22,6;22,4;21,9;21,7;96;95;96;;1,7;0;
2024/03/31;0900 UTC;0;975;975;974,9;;22,4;21,8;22,5;22,3;21,9;21,5;97;95;96;;1,5;,4;
2024/03/31;1000 UTC;0;975,5;975,5;975;8,9;22,3;21,5;22,4;22,1;21,8;21,3;96;95;95;;2,1;,1;
2024/03/31;1100 UTC;0;976,2;976,2;975,5;289,1;24,3;22,6;24,3;22,3;22,8;21,6;96;91;91;;1,9;0;
2024/03/31;1200 UTC;0;976,6;976,6;976,2;731,1;26,5;23,1;26,6;24,3;23,2;22,5;91;81;81;;1,3;,1;
2024/03/31;1300 UTC;0;977,1;977,1;976,6;1989,9;29,4;23,2;29,5;26,5;24;22,7;82;69;69;;2,9;,6;
2024/03/31;1400 UTC;0;977;977,1;976,9;2162,6;30,9;23,6;30,9;29,4;24;22,5;71;64;65;;3,8;1,6;
2024/03/31;1500 UTC;0;976,1;977;976,1;2573,6;32;23,6;32,1;30,5;24,3;22,4;66;59;61;;4,2;1,1;
2024/03/31;1600 UTC;0;974,3;976,1;974,3;2614,5;32,5;22,9;33,5;31,7;24,1;22,1;61;54;57;;3,8;,4;
2024/03/31;1700 UTC;0;973,5;974,3;973,3;1684,1;30,8;22,4;33,8;30,3;23,8;21,8;62;53;61;;4,4;,4;
2024/03/31;1800 UTC;,2;974,6;974,6;973,4;142,2;23;22;30,9;23;22,6;21,5;94;60;94;;18,8;6,6;
2024/03/31;1900 UTC;,6;974,2;974,6;973,8;238,2;24;22,9;24,1;22,8;23;21,8;95;93;93;;12,9;,2;
2024/03/31;2000 UTC;0;974,5;974,5;973,8;820,8;25,4;22,7;25,4;24;22,9;22,2;93;84;85;;2,1;,2;
2024/03/31;2100 UTC;0;974,7;974,8;974,4;309,3;24,9;22,5;25,5;24,9;22,8;22,2;87;83;87;;3,5;,3;
2024/03/31;2200 UTC;0;975,4;975,4;974,6;19,6;24,3;22,2;24,9;24,3;22,8;22,2;90;86;88;;2,9;,9;
2024/03/31;2300 UTC;0;976,4;976,4;975,4;;24,3;22,8;24,3;24;22,8;22;92;87;91;;5;2,1;
2024/04/01;0000 UTC;0;976,3;977,1;976,3;;23,1;22,1;24,3;23,1;22,8;22,1;94;91;94;;5;1;
2024/04/01;0100 UTC;0;975,7;976,3;975,4;;22,7;22;23,1;22,7;22,2;22;96;94;96;;2,9;,2;
2024/04/01;0200 UTC;0;975,8;976;975,7;;22,4;21,9;22,8;22,4;22;21,8;97;95;97;;2,4;,4;
2024/04/01;0300 UTC;0;975,3;975,8;975,3;;22,3;21,9;22,5;22,3;22;21,8;97;97;97;;1,5;0;
2024/04/01;0400 UTC;0;975,4;975,5;975,3;;22,3;21,8;22,5;22,3;22;21,7;97;96;97;;1;0;
2024/04/01;0500 UTC;0;974,4;975,4;974,3;;22,4;21,9;22,4;22,1;21,9;21,6;98;96;97;;0;0;
2024/04/01;0600 UTC;0;974;974,4;973,8;;21,9;21,3;22,4;21,9;22;21,3;97;96;97;;0;0;
2024/04/01;0700 UTC;0;973,2;974;973,2;;21,5;21,1;21,9;21,5;21,5;21,1;98;97;97;;,7;0;
2024/04/01;0800 UTC;0;973,2;973,4;973;;21,6;21,2;21,6;21,4;21,3;21;98;97;98;;,7;0;
2024/04/01;0900 UTC;0;973,3;973,4;973,1;;21,8;21,6;22;21,6;21,7;21,3;99;98;99;;,7;0;
2024/04/01;1000 UTC;0;973,5;973,6;973,2;8,2;21,7;21,4;21,9;21,7;21,8;21,4;99;98;99;;,5;0;
2024/04/01;1100 UTC;0;974,5;974,5;973,5;232,3;22,4;22,2;22,5;21,7;22,3;21,4;99;98;99;;1,1;0;
2024/04/01;1200 UTC;0;975,2;975,2;974,5;623;23,7;22,2;23,8;22,4;22,7;22,2;99;92;92;;1,8;,2;
2024/04/01;1300 UTC;2;975,9;975,9;975,2;382,7;23,8;22,3;24,5;23,6;22,6;22,1;92;88;91;;1,8;,1;
2024/04/01;1400 UTC;0;975,9;976,3;975,9;625,3;24,6;23,3;24,6;23,8;23,3;22,4;95;91;93;;1,6;,3;
2024/04/01;1500 UTC;0;975,5;976;975,5;820,5;25,6;23;25,7;24,6;23,5;22,8;93;85;85;;1,8;,1;
2024/04/01;1600 UTC;,6;975,7;975,7;975,5;372,9;24,7;23,2;25,8;24,7;23,7;22,6;91;84;91;;3,2;1,5;
2024/04/01;1700 UTC;2,4;975,9;976,1;975,7;233,8;24,1;22,7;24,7;24,1;23,6;22,7;95;91;92;;4,8;2,7;
2024/04/01;1800 UTC;2,8;973;975,9;973;263,2;23,6;22,8;24,1;23,3;22,9;22,2;95;92;95;;5,8;,6;
2024/04/01;1900 UTC;,2;972,8;973,1;972,4;726;24,3;22;24,3;23,5;23,2;21,9;95;87;87;;2,7;1,5;
2024/04/01;2000 UTC;0;973,6;973,6;972,8;569,6;24,7;19,7;24,8;24,3;22,2;19,7;87;74;74;;2,7;,2;
2024/04/01;2100 UTC;0;973,5;973,6;973,3;348,7;24,8;19,7;25,2;24,6;19,8;18,6;74;68;73;;1,3;0;
2024/04/01;2200 UTC;0;973,2;973,6;973;29,3;24;20,3;24,8;24;20,9;19,7;82;73;80;;1,3;0;
2024/04/01;2300 UTC;0;973,7;973,7;973,2;;23,8;20,4;24;23,7;20,5;20;82;80;81;;1;0;
2024/04/02;0000 UTC;0;974,7;974,7;973,6;;23,6;20,7;23,8;23,5;20,7;20,2;84;81;84;;1,5;0;
2024/04/02;0100 UTC;0;975,1;975,1;974,7;;23;19,8;23,6;23;20,6;19,8;85;81;82;;1,5;0;
2024/04/02;0200 UTC;0;975,5;975,5;975;;22,6;20,4;23;22,5;20,4;19,4;87;82;87;;,6;0;
2024/04/02;0300 UTC;0;975,5;975,5;975,3;;22,6;21,2;22,7;22,2;21,2;20,3;92;87;92;;1,1;0;
2024/04/02;0400 UTC;0;975,5;975,6;975,4;;22,4;20,5;22,6;22,3;21,2;20,5;92;89;89;;1,4;,1;
2024/04/02;0500 UTC;0;975,4;975,5;975,3;;22,2;19,9;22,4;22,2;20,5;19,8;90;87;87;;1,4;0;
2024/04/02;0600 UTC;0;974,5;975,4;974,5;;21,4;20,3;22,2;21,4;20,5;19,8;94;87;93;;0;0;
2024/04/02;0700 UTC;0;974,2;974,5;974,2;;21,1;20,3;21,4;20,9;20,5;20,1;96;93;95;;1,1;0;
2024/04/02;0800 UTC;0;973,8;974,2;973,6;;20,7;20;21,2;20,7;20,5;20;97;95;96;;,4;0;
2024/04/02;0900 UTC;0;974,6;974,6;973,8;;21,1;20,5;21,1;20,5;20,6;20;97;96;97;;0;0;
2024/04/02;1000 UTC;0;975,5;975,5;974,6;3,7;21,7;21,1;21,8;21,1;21,2;20,5;98;96;96;;0;0;
2024/04/02;1100 UTC;0;976,1;976,1;975,5;173,3;22,1;21,4;22,2;21,7;21,6;21,1;97;96;96;;,5;0;
2024/04/02;1200 UTC;,2;976,6;976,6;976,1;601,9;22,4;21,7;22,8;22,1;22,1;21,5;97;95;96;;1,4;,1;
2024/04/02;1300 UTC;0;976,8;976,8;976,6;850,3;23,6;23,3;23,7;22,3;23,3;21,7;98;96;98;;1,4;0;
2024/04/02;1400 UTC;0;976,4;976,8;976,4;1264,5;26;23,6;26;23,6;24,1;22,8;98;86;87;;4,3;,1;
2024/04/02;1500 UTC;0;975,6;976,5;975,6;2137,6;28,1;23,5;28,1;26;24;22,4;87;74;76;;3,8;,2;
2024/04/02;1600 UTC;0;974,4;975,6;974,4;2621;29,5;23,4;29,5;27,5;23,7;21,9;76;67;70;;4,1;,7;
2024/04/02;1700 UTC;0;973,3;974,4;973,3;3149,2;30,3;22,2;30,8;29;23,7;21,8;72;61;62;;4;1,4;
2024/04/02;1800 UTC;0;972;973,3;972;2774;31,2;21,8;31,5;30,1;22,9;21,3;64;56;57;;5,7;1;
2024/04/02;1900 UTC;0;971,4;972;971,4;2214,2;31,8;21,9;32,2;31,1;22,4;20,3;59;51;56;;4,9;2,4;
2024/04/02;2000 UTC;0;971,1;971,4;971,1;1506,8;31,4;21,1;31,9;31,1;22;20,9;57;54;54;;5,2;1,5;
2024/04/02;2100 UTC;0;971;971,1;970,8;526,4;29,3;22,4;31,7;29,3;22,5;20,9;67;53;67;;3,2;0;
2024/04/02;2200 UTC;0;971,3;971,3;971;35,7;27;23,2;29,3;26,9;23,6;21,6;82;64;80;;0;0;
2024/04/02;2300 UTC;0;971,9;971,9;971,3;;25,6;23,4;27,6;25,6;23,5;23;88;77;88;;,7;0;
2024/04/03;0000 UTC;0;972,7;972,7;971,8;;24,5;22,1;25,7;24,5;23,5;22;89;85;86;;1;0;
2024/04/03;0100 UTC;0;973,4;973,4;972,7;;24,1;22;24,9;24,1;22,7;22;88;86;88;;1,5;0;
2024/04/03;0200 UTC;0;973,8;973,8;973,4;;23,5;21,6;24,3;23,5;22,3;21,6;89;87;89;;1,1;0;
2024/04/03;0300 UTC;0;973,7;973,8;973,5;;23;21,1;23,6;23;21,9;21,1;90;88;89;;1,2;0;
2024/04/03;0400 UTC;0;973,4;973,7;973,3;;22,7;20,7;23,7;22,7;21,6;20,6;90;86;89;;1,2;0;
2024/04/03;0500 UTC;0;973,3;973,4;973,2;;22;20,6;22,7;21,9;20,8;20,2;92;89;92;;1,2;0;
2024/04/03;0600 UTC;0;973,2;973,3;973,1;;22;20,9;22,1;21,5;20,9;20,2;94;92;94;;1,3;0;
2024/04/03;0700 UTC;0;973,2;973,3;973,1;;21,7;20,7;22;21,4;21;20,4;94;93;94;;0;0;
2024/04/03;0800 UTC;0;973,2;973,2;972,9;;21,4;21;21,8;21,3;21,4;20,5;98;93;97;;0;0;
2024/04/03;0900 UTC;0;973,4;973,4;973,1;;20,4;20,1;21,5;20,3;21,2;20,1;99;97;99;;0;0;
2024/04/03;1000 UTC;0;973,7;973,7;973,4;8,8;20,7;19,7;20,7;20,1;20,2;19,2;99;94;94;;0;0;
2024/04/03;1100 UTC;0;974,3;974,3;973,7;366,2;23,3;22,5;23,3;20,4;22,5;19,4;98;94;95;;0;0;
2024/04/03;1200 UTC;0;975;975;974,3;1159,9;26,8;22,2;27,4;23,3;25;22,2;100;76;76;;1,1;,1;
2024/04/03;1300 UTC;0;975,3;975,4;975;1937,7;29,3;23,4;29,3;26,7;23,7;22,3;80;70;71;;2,3;,4;
2024/04/03;1400 UTC;0;975;975,3;975;2636,1;31,4;21,5;31,5;29,3;23,8;21,5;71;56;56;;5;1,8;
2024/04/03;1500 UTC;0;974,4;975;974,4;2961,3;32,3;21,9;32,9;31,1;23,8;20,9;63;52;54;;4,5;1,3;
2024/04/03;1600 UTC;0;973,5;974,4;973,5;2855,9;34;23,4;34;32;23,6;21,2;57;51;54;;5,3;2,2;
2024/04/03;1700 UTC;0;972,7;973,5;972,6;1893;32,9;21,2;34;32,1;23,3;20,8;58;48;50;;5,4;1,3;
2024/04/03;1800 UTC;0;972;972,7;972;1736,9;34,2;21;34,2;32,7;21,6;20,2;52;45;46;;5,4;0;
2024/04/03;1900 UTC;0;971,5;972;971,5;2464,2;35,3;19,9;35,4;33,8;22,2;19,5;51;40;41;;2,9;,9;
2024/04/03;2000 UTC;0;971,4;971,5;971,3;1886,6;33,9;21,5;35,8;33,7;22,4;19,5;50;39;48;;4,2;1;
2024/04/03;2100 UTC;0;971,3;971,4;971,3;635,8;32,5;22,1;34,1;32,5;22,3;21;55;47;55;;3,5;0;
2024/04/03;2200 UTC;0;971,8;971,8;971,3;47,4;30,4;23,5;32,5;29,6;24,1;21,8;71;54;67;;2,5;,6;
2024/04/03;2300 UTC;0;972,3;972,3;971,8;;28,2;24,3;30,4;28,2;24,6;23,4;79;66;79;;2,5;0;
2024/04/04;0000 UTC;0;972,8;972,8;972,3;;27,2;23,6;28,2;27;24,1;23,3;81;78;80;;1,7;0;
2024/04/04;0100 UTC;0;973,1;973,1;972,8;;25,7;23,1;27,6;25,6;23,5;23;86;78;86;;0;0;
2024/04/04;0200 UTC;0;973,6;973,6;973,1;;24,6;22,9;25,7;24,5;23,1;22,8;91;85;90;;1,6;,3;
2024/04/04;0300 UTC;0;973,9;973,9;973,6;;23,8;22,1;24,6;23,8;22,8;22,1;92;89;91;;1,9;,8;
2024/04/04;0400 UTC;0;973,8;974;973,8;;23,4;21,7;23,9;23,4;22,2;21,7;91;89;90;;1,9;0;
2024/04/04;0500 UTC;0;973,7;973,8;973,6;;24,3;22,1;24,3;23,2;22,5;21,5;92;88;88;;2,2;,6;
2024/04/04;0600 UTC;0;974;974;973,7;;23,3;21,2;24,5;23,3;22,2;21,2;88;85;88;;2,1;0;
2024/04/04;0700 UTC;0;973,9;974,1;973,9;;22,3;20,9;23,3;22,3;21,4;20,9;92;88;92;;1,7;0;
2024/04/04;0800 UTC;0;973,8;974;973,8;;22,3;21,1;22,6;22,1;21,3;20,8;93;92;93;;0;0;
2024/04/04;0900 UTC;0;974,9;974,9;973,8;;21,8;20,7;22,3;21,8;21,1;20,7;94;93;93;;0;0;
2024/04/04;1000 UTC;0;975,6;975,6;974,8;10,7;22,1;21;22,1;21,7;21;20,6;94;93;93;;0;0;
2024/04/04;1100 UTC;0;976,3;976,4;975,6;358,3;24,8;22,5;24,8;22;22,7;20,9;94;87;87;;1,7;0;
2024/04/04;1200 UTC;0;976,6;976,7;976,3;1191,2;28,6;22,7;28,7;24,8;23,5;22,4;87;70;71;;3,5;1,4;
2024/04/04;1300 UTC;0;976,4;976,8;976,4;1894,1;31,2;22,6;31,8;28,6;23,9;22,3;71;60;60;;3,8;1,3;
2024/04/04;1400 UTC;0;976,7;976,8;976,4;2585,3;33,4;23,3;33,4;31,1;23,7;22,4;63;55;56;;5,5;2,1;
2024/04/04;1500 UTC;0;976,2;976,7;976,1;2694,8;32,9;21,6;34,5;32,9;23,7;21,2;57;49;51;;5,2;1,2;
2024/04/04;1600 UTC;0;975;976,2;974,9;2843,9;35,1;20,4;35,7;32,6;23,2;20;56;42;42;;8,3;2,4;
2024/04/04;1700 UTC;0;974;975;974;1748,5;34,9;21,1;35,5;33,8;22,1;19,8;49;42;45;;8,3;,2;
2024/04/04;1800 UTC;0;973,5;974;973,5;2240,3;35,6;20,2;35,8;34,9;22;19,8;46;41;41;;4;,1;
2024/04/04;1900 UTC;0;972,9;973,5;972,9;1688,4;33,9;20,7;35,6;33,9;21,6;19,7;47;40;46;;4,7;1,4;
2024/04/04;2000 UTC;0;972,5;973;972,5;1070,8;34,2;21,8;34,4;33,4;22,6;21;52;46;49;;4,3;,7;
2024/04/04;2100 UTC;0;972,5;972,6;972,3;761,9;33;21,6;34,3;33;22,1;20,5;51;45;51;;3,4;,4;
2024/04/04;2200 UTC;0;973,1;973,1;972,5;60,2;30;22,8;33;30;23,3;21,5;65;51;65;;2,4;0;
2024/04/04;2300 UTC;0;974;974;973,1;;27,9;23;30;27,9;23,2;22,6;75;65;75;;1,1;0;
2024/04/05;0000 UTC;0;974,7;974,7;974;;27,1;23,1;28,8;27,1;23,5;22,9;79;73;79;;1;0;
2024/04/05;0100 UTC;0;975,2;975,2;974,7;;25,6;23,3;27,1;25,4;23,5;23;87;79;87;;1,8;,2;
2024/04/05;0200 UTC;0;975,6;975,7;975,2;;24,9;23,2;25,6;24,9;23,3;22,9;91;86;91;;2,2;0;
2024/04/05;0300 UTC;0;975,9;975,9;975,6;;24,1;22,4;25,4;24,1;23,4;22,2;90;86;90;;0;0;
2024/04/05;0400 UTC;0;975,4;975,9;975,4;;23,9;22,4;24,2;23,7;22,6;22,2;92;90;92;;0;0;
2024/04/05;0500 UTC;0;975,3;975,6;975,3;;23,2;21,9;24,5;23,2;22,9;21,9;93;90;93;;1,3;0;
2024/04/05;0600 UTC;0;975,4;975,4;975,3;;22,8;21,8;23,2;22,6;22;21,6;94;93;94;;1;0;
2024/04/05;0700 UTC;0;975,3;975,4;975,3;;22,8;21,8;23;22,6;22;21,6;94;94;94;;0;0;
2024/04/05;0800 UTC;0;975,3;975,4;975,2;;22,6;21,6;22,8;22,3;21,9;21,3;95;94;94;;0;0;
2024/04/05;0900 UTC;0;975,6;975,6;975,3;;22,1;21,1;22,8;22,1;21,9;21,1;95;94;94;;0;0;
2024/04/05;1000 UTC;0;976,4;976,4;975,6;7,7;21,8;20,9;22,1;21,6;21,1;20,7;95;94;95;;0;0;
2024/04/05;1100 UTC;0;977;977;976,4;307,6;26,5;24,3;26,5;21,8;24,3;20,9;95;88;88;;0;0;
2024/04/05;1200 UTC;0;977,4;977,4;977;1100,5;28,8;23;29,4;26,5;24,2;22,8;87;70;71;;1,8;0;
2024/04/05;1300 UTC;0;977,5;977,5;977,4;1873,2;31,2;24,2;31,2;28,8;24,2;22,9;71;65;66;;1,9;,4;
2024/04/05;1400 UTC;0;977,2;977,6;977,2;2546,3;33,1;22,8;33,2;30,9;24;22,5;66;54;55;;3,5;1,1;
2024/04/05;1500 UTC;0;976,6;977,2;976,6;2874,5;34,4;20,6;35;33,1;23,6;19,4;56;41;44;;4,4;1,3;
2024/04/05;1600 UTC;0;976,3;976,6;976,3;3229,4;35,9;21,1;35,9;34,4;21,5;19,6;46;40;43;;5,1;1,2;
2024/04/05;1700 UTC;0;975,3;976,3;975,3;3035,8;35,8;18,4;35,9;34,4;20,5;18,2;43;36;36;;5,2;,8;
2024/04/05;1800 UTC;0;973,9;975,3;973,9;2704,8;35,7;17,6;36,6;35,3;19,3;16,8;38;32;34;;6,3;,5;
2024/04/05;1900 UTC;0;973,1;973,9;973;1964;35,4;21;36,4;35;21,1;17,1;45;33;43;;4;1,5;
2024/04/05;2000 UTC;0;973,1;973,2;973;1006;33,9;20,4;35,6;33,9;21,9;19,5;46;40;45;;3,9;1,2;
2024/04/05;2100 UTC;0;973,4;973,4;973,1;293,4;32,3;21,6;33,9;32,3;21,6;20,4;53;45;53;;3,4;,7;
2024/04/05;2200 UTC;0;973,5;973,5;973,3;16,1;30,6;22;32,3;30,5;22,1;21,2;60;52;60;;2,5;,1;
2024/04/05;2300 UTC;0;974;974;973,4;;27,9;22,7;30,6;27,8;22,8;21,8;73;59;73;;2,1;0;
2024/04/06;0000 UTC;0;974,5;974,5;974;;27,4;22,7;27,9;27,1;23,2;22,6;79;73;75;;2,9;0;
2024/04/06;0100 UTC;0;974,9;974,9;974,5;;26,2;23,5;27,4;26,2;24;22,6;85;75;85;;0;0;
2024/04/06;0200 UTC;0;975,1;975,1;974,9;;25,1;23,3;26,2;25,1;23,6;23,3;89;85;89;;0;0;
2024/04/06;0300 UTC;0;975;975,1;974,8;;24,6;22,9;25,2;24,4;23,4;22,6;91;89;90;;2,1;,4;
2024/04/06;0400 UTC;0;974,7;975;974,7;;24,9;23;25,3;24,5;23,2;22,7;90;88;89;;2,1;0;
2024/04/06;0500 UTC;0;974,6;974,7;974,5;;25,5;22,9;25,5;23,8;23,3;22,3;93;85;85;;4;1;
2024/04/06;0600 UTC;0;974,4;974,6;974,4;;24,2;22,2;25,9;24,2;22,8;22,1;88;82;88;;3,7;0;
2024/04/06;0700 UTC;0;974,1;974,4;974,1;;23;21,5;24,2;23;22,3;21,4;91;88;91;;1;0;
2024/04/06;0800 UTC;0;974,2;974,3;974,1;;24,4;21,8;24,4;22,8;22,4;21,6;94;86;86;;1,9;,3;
2024/04/06;0900 UTC;0;974,6;974,6;974,1;;24,6;21,2;24,8;24,4;21,8;21,2;86;81;82;;2;,2;
2024/04/06;1000 UTC;0;975,1;975,1;974,6;7,6;22,7;21;24,6;22,7;21,3;20,9;90;82;90;;2;0;
2024/04/06;1100 UTC;0;975,6;975,7;975,1;343,7;25,6;22,2;26;22,6;23,3;21;92;81;81;;1,1;0;
2024/04/06;1200 UTC;0;976,2;976,2;975,6;911,7;27,2;22,4;27,2;25,6;22,6;21,8;81;75;75;;1,7;0;
2024/04/06;1300 UTC;0;976;976,2;976;1719,2;30,3;22,2;30,5;27,2;22,9;22;75;61;62;;3,1;1;
2024/04/06;1400 UTC;0;975,6;976;975,6;2474,1;33;22,6;33;30,1;23,3;21,7;63;55;55;;3,4;,5;
2024/04/06;1500 UTC;0;974,9;975,6;974,9;2827;33,8;22,6;34,5;32,6;23,3;21,5;55;49;52;;4,7;1,3;
2024/04/06;1600 UTC;0;973,8;974,9;973,8;2732,6;33,5;22;34,2;33,3;22,6;21,5;52;49;51;;7;1,6;
2024/04/06;1700 UTC;0;972,9;973,8;972,9;2176,9;34,4;22,2;34,8;33,5;23,2;21,8;53;49;49;;6,5;2,2;
2024/04/06;1800 UTC;0;972,1;972,9;972,1;2132,1;34,6;21,4;35,2;33,6;22,9;21,3;52;46;46;;5,7;1,6;
2024/04/06;1900 UTC;0;971,5;972,1;971,5;1658,5;34,5;21,4;35,1;34;21,9;21;48;45;47;;5,7;2,2;
2024/04/06;2000 UTC;0;971,3;971,5;971,2;1425,6;34,3;21,5;34,9;34,2;22;20,7;48;44;47;;5,8;1,9;
2024/04/06;2100 UTC;0;971,3;971,3;971,1;536,3;32,6;21,4;34,4;32,6;21,8;20,8;52;46;52;;4,5;,6;
2024/04/06;2200 UTC;0;971,4;971,6;971,3;8,6;30,4;21,9;32,6;30,4;22,3;21,6;61;52;61;;2,7;,1;
2024/04/06;2300 UTC;0;972;972;971,4;;29,6;22,3;30,4;29,6;22,6;21,9;65;61;65;;3,8;,5;
2024/04/07;0000 UTC;0;973;973;972;;28,6;21,8;29,6;28,6;22,4;21,7;68;64;67;;5,2;,3;
2024/04/07;0100 UTC;0;973,9;973,9;973;;27,6;21,2;28,5;27,6;21,9;21,1;68;65;68;;3,7;1,3;
2024/04/07;0200 UTC;0;974,1;974,2;973,9;;26,8;21,6;27,6;26,7;21,7;21,2;74;68;73;;3,6;,8;
2024/04/07;0300 UTC;0;974,2;974,4;974,1;;26,3;21,3;26,8;26,3;21,5;21,3;74;72;74;;3;,2;
2024/04/07;0400 UTC;0;974,2;974,3;974,1;;25,7;21,3;26,3;25,7;21,6;21,1;77;74;77;;3,2;1;
2024/04/07;0500 UTC;0;974,2;974,2;974;;25,8;21,4;26,2;25,7;21,4;21,2;77;74;77;;3,8;1;
2024/04/07;0600 UTC;0;974,6;974,6;974,2;;25,4;21,1;25,9;25,3;21,3;21,1;78;76;77;;3,8;,1;
2024/04/07;0700 UTC;0;974,5;974,6;974,4;;24,8;21,1;25,5;24,8;21,2;21,1;80;77;80;;5,2;1,6;
2024/04/07;0800 UTC;0;974,6;974,7;974,4;;24,5;21,1;24,8;24,4;21,2;21;82;80;81;;5,7;2,1;
2024/04/07;0900 UTC;0;974,6;974,6;974,3;;23,8;20,9;24,5;23,8;21,1;20,9;84;81;84;;5,3;,4;
2024/04/07;1000 UTC;0;974,5;974,6;974,3;8,9;23,5;20,5;23,8;23,4;21,1;20,5;85;83;83;;3,8;1,2;
2024/04/07;1100 UTC;0;975,2;975,2;974,5;309;24,5;20,3;24,7;23,5;20,7;20,2;83;77;78;;5,6;1,8;
2024/04/07;1200 UTC;0;975,9;975,9;975,2;748,4;25,1;20,4;25,3;24,4;20,7;20;78;75;75;;7,3;2,5;
2024/04/07;1300 UTC;0;976,1;976,3;976;900,2;25,8;20,5;25,9;25,1;21;20,4;76;73;73;;5,7;2,2;
2024/04/07;1400 UTC;0;976,3;976,3;976,1;1388,5;26,7;20,7;26,9;25,7;21,3;20,4;74;70;70;;5,9;1,9;
2024/04/07;1500 UTC;0;975,7;976,3;975,7;1644,3;27,7;21,1;28,2;26,6;21,7;20,7;72;66;67;;5,4;2,4;
2024/04/07;1600 UTC;0;974,4;975,7;974,4;2258,5;29,2;22,1;29,5;27,7;22,5;21;68;63;66;;5,7;2,2;
2024/04/07;1700 UTC;0;974,8;975,1;974,4;485,2;26,3;23,3;29,2;26,3;23,3;21,6;83;65;83;;5,7;,2;
2024/04/07;1800 UTC;,8;974,2;974,8;974,2;96,6;24;22,5;26,3;24;23,5;22,4;92;83;91;;7,2;1,8;
2024/04/07;1900 UTC;0;974,5;974,8;974,1;136,1;24;22,6;24,1;23,9;22,8;22,4;93;91;92;;4;0;
2024/04/07;2000 UTC;1;974;974,5;973,9;30,2;23,6;22,5;24,1;23,6;22,8;22,5;93;92;93;;1,9;,1;
2024/04/07;2100 UTC;,2;974,1;974,1;973,6;89,3;23,8;22,8;23,8;23,6;22,8;22,5;94;93;94;;1,7;0;
2024/04/07;2200 UTC;0;974,6;974,6;974;11,6;23,9;22,9;23,9;23,8;23;22,8;95;94;94;;1;0;
2024/04/07;2300 UTC;0;974,3;974,6;974,2;;23,8;23;23,9;23,7;23,1;22,8;96;94;95;;2,2;,1;
2024/04/08;0000 UTC;0;975,9;975,9;974,2;;23,9;23,1;23,9;23,7;23,1;22,8;96;95;95;;1,3;0;
2024/04/08;0100 UTC;0;976,3;976,6;975,9;;23,8;23;23,9;23,7;23,2;22,9;96;95;95;;2;,2;
2024/04/08;0200 UTC;0;976,6;976,7;975,8;;23,8;22,9;23,8;23,6;23,1;22,8;96;95;95;;3,2;,1;
2024/04/08;0300 UTC;0;977,4;977,4;976,6;;23,1;21,9;23,8;23,1;22,9;21,9;95;93;93;;2,5;0;
2024/04/08;0400 UTC;0;976,3;977,4;976,3;;22,6;21,8;23,1;22,6;22;21,7;96;93;95;;1,2;,1;
2024/04/08;0500 UTC;0;974,6;976,3;974,6;;22,2;21,4;22,6;22,2;21,8;21,4;96;95;95;;1,7;0;
2024/04/08;0600 UTC;0;972,5;974,6;972,5;;22,1;21,4;22,2;22,1;21,5;21,4;96;95;96;;2,7;,5;
2024/04/08;0700 UTC;0;973,1;973,1;972,5;;22;21,2;22,1;22;21,4;21,2;96;95;95;;2,6;0;
2024/04/08;0800 UTC;0;974;974;973;;22,2;21,5;22,2;21,9;21,5;21,2;96;95;96;;,9;0;
2024/04/08;0900 UTC;0;974,3;974,3;973,9;;21,9;21,2;22,3;21,9;21,6;21,2;96;96;96;;1,7;0;
2024/04/08;1000 UTC;0;974,8;974,9;974,3;6,8;22,2;21,7;22,2;21,9;21,7;21,2;97;96;97;;1,7;0;
2024/04/08;1100 UTC;0;975,4;975,4;974,8;176,4;22,4;21,8;22,6;22,2;22;21,6;97;96;96;;1,7;,1;
2024/04/08;1200 UTC;0;976;976;975,4;417,6;23,9;23;23,9;22,4;23;21,8;96;95;95;;1,5;0;
2024/04/08;1300 UTC;0;975,9;976;975,9;937,6;25,6;22,8;25,6;23,9;23,3;22,3;95;84;84;;1,4;0;
2024/04/08;1400 UTC;0;975,8;976;975,8;1256,3;27,2;23,3;27,2;25,4;23,3;22,3;84;78;79;;2,4;,1;
2024/04/08;1500 UTC;0;975,2;975,8;975,2;1835,6;27,5;22,5;28,6;26,5;23,5;22,1;80;71;74;;3,7;,7;
2024/04/08;1600 UTC;0;974,4;975,2;974,4;1920,3;29,5;23,5;29,5;27,5;23,6;22,4;76;69;70;;2,7;,2;
2024/04/08;1700 UTC;0;973,3;974,4;973,3;2684,7;30,7;23,2;31;29,5;24,3;22,7;70;63;64;;4,6;2,1;
2024/04/08;1800 UTC;0;972,4;973,3;972,4;1844,8;31;22,9;31,4;30,3;23,6;22,5;66;61;62;;4,1;,2;
2024/04/08;1900 UTC;0;971,9;972,4;971,9;1569;31;23,6;31,6;30,7;23,8;22,6;66;61;65;;3,7;1,7;
2024/04/08;2000 UTC;0;971,6;971,9;971,5;1063,4;31,1;23,5;31,6;30,4;23,8;22,6;65;61;64;;4,4;,9;
2024/04/08;2100 UTC;0;971,9;972;971,5;363,4;29,3;24,1;31,2;29,3;24,4;22,5;73;60;73;;2,6;0;
2024/04/08;2200 UTC;0;972,7;972,7;971,9;11,4;27,5;23,7;29,3;27,5;24,2;23,7;80;73;80;;1,1;,1;
2024/04/08;2300 UTC;0;973,4;973,4;972,7;;26,1;24,1;27,5;26,1;24,1;23,6;88;80;88;;1,5;0;
2024/04/09;0000 UTC;0;973,6;973,7;973,4;;25,6;24;26,1;25,6;24,3;24;91;88;91;;1;0;
2024/04/09;0100 UTC;0;974;974;973,6;;25,4;24,1;25,6;25,1;24,1;23,8;94;91;93;;1,3;,2;
2024/04/09;0200 UTC;0;974;974,1;973,9;;25,2;23,6;25,6;25,2;24,1;23,5;93;89;91;;2,5;,1;
2024/04/09;0300 UTC;0;974,2;974,2;973,9;;25,2;23,6;25,3;25,1;23,8;23,4;92;90;91;;1,6;0;
2024/04/09;0400 UTC;0;974,2;974,4;974,1;;24,9;23,7;25,3;24,6;23,7;23,3;93;91;93;;1;,1;
2024/04/09;0500 UTC;0;974;974,3;974;;25;23,6;25,1;24,9;23,8;23,5;93;91;92;;1,7;0;
2024/04/09;0600 UTC;0;973,6;974;973,6;;24;23;25,1;24;23,6;23;95;91;94;;1,1;0;
2024/04/09;0700 UTC;0;973,4;973,6;973,3;;23,6;22,7;24;23,6;23,2;22,7;96;94;94;;,5;0;
2024/04/09;0800 UTC;0;973,3;973,4;973,2;;23,9;23;24;23,6;23,2;22,7;96;94;95;;,8;0;
2024/04/09;0900 UTC;0;973,7;973,7;973,3;;23,3;22,6;23,9;23,3;23,1;22,5;96;95;95;;1,5;,2;
2024/04/09;1000 UTC;0;974,5;974,5;973,7;5,2;22,9;22,1;23,3;22,9;22,6;22,1;96;95;95;;1,5;0;
2024/04/09;1100 UTC;0;975,5;975,5;974,6;332,1;25,7;24,1;25,7;22,9;24,6;22,1;96;91;91;;1,2;,2;
2024/04/09;1200 UTC;0;976;976;975,5;1073,7;27,8;24,1;28,1;25,6;25,1;23,4;91;79;81;;1,1;0;
2024/04/09;1300 UTC;0;976,4;976,5;976;1865,5;30,8;24,5;30,8;27,8;24,8;23,6;81;67;70;;2,3;,1;
2024/04/09;1400 UTC;0;976,1;976,5;976,1;2616,1;31,6;22,5;32;30,2;24,4;22,4;70;58;59;;3,3;,5;
2024/04/09;1500 UTC;0;975,5;976,1;975,5;2933,3;30,9;22,8;32,9;30,9;24,7;22,1;65;56;62;;4,4;1,4;
2024/04/09;1600 UTC;0;974,6;975,5;974,6;1422,9;32,7;22,3;32,9;30,8;23,5;22,2;63;55;55;;3,9;1,2;
2024/04/09;1700 UTC;0;973,1;974,6;973,1;2482,3;34,1;21,4;34,3;32,3;23,1;20,8;56;47;48;;3,7;1,2;
2024/04/09;1800 UTC;0;972;973,1;971,9;2315,8;33;21,3;34,5;32,9;22,9;21;53;48;50;;4,4;,5;
2024/04/09;1900 UTC;0;971,5;971,9;971,4;913,9;32,7;22,6;33,5;32,4;22,6;21,1;55;49;55;;3,9;1,5;
2024/04/09;2000 UTC;0;971,2;971,6;971,2;1167,2;33,5;21,2;33,8;32,6;22,7;20,6;55;47;49;;3,6;,1;
2024/04/09;2100 UTC;0;971,7;971,7;971,1;218,9;29,9;22,5;33,5;29,9;22,5;20,9;65;48;65;;6,3;,7;
2024/04/09;2200 UTC;0;972,3;972,3;971,6;8,7;28,3;21,3;29,9;28,2;22,6;21,2;66;64;66;;3,4;0;
2024/04/09;2300 UTC;0;973,2;973,2;972,3;;27,1;21,3;28,3;27;21,6;21,3;72;66;71;;2,9;,6;
2024/04/10;0000 UTC;0;974,1;974,1;973,2;;26;20,8;27,3;26;21,3;20,6;73;69;73;;2,9;,7;
2024/04/10;0100 UTC;0;974,4;974,4;974,1;;25,4;21,2;26;25,3;21,2;20,9;78;73;78;;2,6;0;
2024/04/10;0200 UTC;0;974,4;974,5;974,3;;23,8;21,2;25,4;23,8;21,3;21;86;78;86;;,6;0;
2024/04/10;0300 UTC;0;974,7;974,7;974,3;;23,3;21,3;24,1;23,3;21,7;21,1;88;85;88;;,6;0;
2024/04/10;0400 UTC;0;974,7;975,1;974,7;;23,1;21,5;23,4;23,1;21,7;21,1;91;88;91;;2,6;,1;
2024/04/10;0500 UTC;0;974,2;974,7;974,2;;22,5;21,3;23,1;22,5;21,6;21,2;93;91;93;;1,1;0;
2024/04/10;0600 UTC;0;974;974,2;974;;22,6;21,5;22,7;22,3;21,6;21,1;94;92;94;;0;0;
2024/04/10;0700 UTC;0;973,7;974;973,6;;22,2;21,3;22,6;22,1;21,4;21,1;95;93;95;;0;0;
2024/04/10;0800 UTC;0;973;973,7;973;;21,9;21,3;22,3;21,8;21,4;21;96;95;96;;,4;0;
2024/04/10;0900 UTC;0;972,8;973;972,7;;21,6;20,9;21,9;21,3;21,3;20,6;97;96;96;;0;0;
2024/04/10;1000 UTC;0;973,1;973,1;972,7;6;21;20,4;21,8;21;21,1;20,4;96;96;96;;0;0;
2024/04/10;1100 UTC;0;973,9;974;973,1;358,8;24,7;23,5;24,7;20,8;24;20,1;97;93;93;;0;0;
2024/04/10;1200 UTC;0;974,8;974,8;973,9;1016;26,3;23;26,4;24,8;23,6;22,2;93;81;82;;2,6;,7;
2024/04/10;1300 UTC;0;975;975,1;974,8;1848,6;28,8;22,7;29,1;26,1;23,4;22,3;82;68;70;;3,6;1,4;
2024/04/10;1400 UTC;0;974,7;975,2;974,7;2547,6;30;22,4;30,2;28,6;22,7;21,1;69;60;64;;4,4;1,5;
2024/04/10;1500 UTC;0;974,2;974,7;974,2;2255,7;30,5;22,5;31,4;29,5;23;21,6;65;59;62;;5,7;,5;
2024/04/10;1600 UTC;0;973,3;974,2;973,3;2142,2;31,7;22;31,7;30,3;22,8;21,4;63;56;56;;5,2;1;
2024/04/10;1700 UTC;0;972,2;973,3;972,2;2509,8;32,7;21,6;33,5;30,9;22,8;20,7;57;50;52;;6,5;2,5;
2024/04/10;1800 UTC;0;971,3;972,2;971,3;2074,3;33,1;21,6;33,2;32,1;22,2;20,5;54;49;51;;5,9;2;
2024/04/10;1900 UTC;0;970,9;971,3;970,9;2391,4;33;21,7;34,4;32,8;22,5;20,6;52;47;52;;5,2;1,4;
2024/04/10;2000 UTC;0;970,7;970,9;970,6;366,6;31,4;23,4;33,2;31,3;23,6;22;63;52;63;;3,3;0;
2024/04/10;2100 UTC;0;970,5;970,7;970,4;221;29,5;23,7;31,4;29,5;24,3;23;71;61;71;;2;0;
2024/04/10;2200 UTC;0;971;971;970,5;20,2;27,8;23,4;29,5;27,8;24,2;23,3;77;71;77;;1,8;0;
2024/04/10;2300 UTC;0;972;972;971,1;;26,7;23,1;27,8;26,6;23,5;23;82;77;81;;,9;0;
2024/04/11;0000 UTC;0;972,7;972,7;972;;26,6;22,7;27,3;26,4;23,2;22,7;82;77;79;;2,2;0;
2024/04/11;0100 UTC;0;973,5;973,5;972,7;;26,5;22,1;26,8;25,8;22,7;22,1;81;76;77;;,9;0;
2024/04/11;0200 UTC;0;974;974;973,5;;24,6;22,2;26,8;24,4;22,4;21,8;87;76;87;;2,6;,2;
2024/04/11;0300 UTC;0;974;974,2;974;;23,4;21,7;24,6;23,4;22,3;21,7;91;87;91;;1,7;,5;
2024/04/11;0400 UTC;0;973,7;974,1;973,7;;23,5;21,8;23,6;23,2;22;21,6;91;90;91;;2,3;0;
2024/04/11;0500 UTC;0;973,6;973,7;973,6;;23,2;21,8;23,5;22,8;21,9;21,2;92;90;92;;,7;0;
2024/04/11;0600 UTC;0;973,1;973,6;973;;23,3;21,6;23,6;23,2;22,1;21,6;92;91;91;;1,8;0;
2024/04/11;0700 UTC;0;973,4;973,4;973,1;;22,3;21,1;23,3;22,3;21,7;21;93;90;93;;1;0;
2024/04/11;0800 UTC;0;973,1;973,5;972,9;;22,6;21,3;22,8;22,3;21,8;21,2;94;92;92;;1,6;,2;
2024/04/11;0900 UTC;0;973,7;973,7;973,1;;22,4;21,1;22,7;22,4;21,4;21,1;93;92;92;;2,1;0;
2024/04/11;1000 UTC;0;974,5;974,5;973,7;11;21,7;20,7;22,4;21,4;21;20,4;94;92;94;;0;0;
2024/04/11;1100 UTC;0;974,7;974,7;974,4;374,6;23,8;22;23,9;21,7;22,4;20,7;94;89;89;;1,9;0;
2024/04/11;1200 UTC;0;975,5;975,5;974,7;955;27,2;22,8;27,7;23,8;23,7;22;89;77;77;;1,6;,1;
2024/04/11;1300 UTC;0;976;976;975,4;1624,8;30,1;23,1;30,1;27,2;23,8;22,7;78;66;66;;3,7;1,5;
2024/04/11;1400 UTC;0;975,6;976;975,5;2311,6;30,9;22,1;31,2;29,8;23,3;21,9;67;58;60;;4,9;2,2;
2024/04/11;1500 UTC;0;974,8;975,6;974,8;1940;31,3;21,6;32;30,7;23,3;21,4;62;56;56;;4,8;1;
2024/04/11;1600 UTC;0;974;974,7;974;1864;31,8;21,6;32,5;31,3;22,2;20,7;58;52;55;;4,7;,3;
2024/04/11;1700 UTC;0;973,3;974;973,3;1616,3;32,1;21,5;33,2;31,4;22,7;21,1;58;51;54;;3,7;,8;
2024/04/11;1800 UTC;0;972,5;973,3;972,4;1832,2;32,4;21,6;33,7;32,1;22,7;20,8;55;48;53;;2,9;,6;
2024/04/11;1900 UTC;0;972;972,5;972;703,9;32;21,4;32,8;31,9;22;21,2;54;51;54;;3,5;1,2;
2024/04/11;2000 UTC;0;972,1;972,2;971,9;512,6;31,8;21,4;32,4;31,8;21,6;21;54;52;54;;4;,7;
2024/04/11;2100 UTC;0;972,7;972,7;972,1;194,9;29,1;23,8;31,8;29,1;23,9;21,3;73;54;73;;2,4;0;
2024/04/11;2200 UTC;0;973,5;973,5;972,7;22,4;25,5;21,9;29,1;25,5;23,8;21,5;81;69;80;;7,6;3,5;
2024/04/11;2300 UTC;0;974;974,1;973,4;;24,6;20,9;25,5;24,6;21,8;20,9;83;80;80;;5,9;1,5;
2024/04/12;0000 UTC;0;974,5;974,5;974;;23,9;20,9;24,6;23,9;21,2;20,9;83;80;83;;3,5;0;
2024/04/12;0100 UTC;0;975,4;975,4;974,5;;23,6;21,2;24,5;23,6;21,2;20,9;87;81;87;;2,5;1,2;
2024/04/12;0200 UTC;0;975,5;975,5;975,3;;23,3;21,1;23,6;23,3;21,3;21,1;87;87;87;;3,4;0;
2024/04/12;0300 UTC;0;975,2;975,5;975,2;;23,3;21,2;23,4;23;21,3;21,1;89;87;88;;2;,6;
2024/04/12;0400 UTC;0;975,3;975,5;975,2;;23,5;21,1;23,9;23,3;21,3;21,1;88;85;86;;2;,2;
2024/04/12;0500 UTC;0;975,3;975,3;975,2;;23,1;21,2;23,5;23;21,2;21;89;86;89;;1,6;0;
2024/04/12;0600 UTC;0;975,3;975,3;975,1;;22,7;21,3;23,2;22,6;21,3;21,1;92;89;92;;,8;0;
2024/04/12;0700 UTC;0;974,9;975,3;974,8;;23,1;21,6;23,1;22,8;21,6;21,3;92;91;91;;0;0;
2024/04/12;0800 UTC;0;974,7;975;974,7;;23,1;21,3;23,3;23,1;21,6;21,3;91;89;89;;0;0;
2024/04/12;0900 UTC;0;974,7;974,8;974,5;;23,1;21,4;23,1;22,9;21,5;21,2;91;89;90;;1,6;0;
2024/04/12;1000 UTC;0;976;976;974,7;9,7;23,2;21,5;23,3;23,1;21,5;21,2;90;89;90;;1,5;0;
2024/04/12;1100 UTC;0;976,6;976,6;976;373,4;25,7;22,6;25,7;23,2;22,8;21,5;91;83;83;;5,2;1,9;
2024/04/12;1200 UTC;0;976,8;976,8;976,6;842,1;27,2;23,4;27,2;25,7;23,4;22,5;83;80;80;;7,5;2,9;
2024/04/12;1300 UTC;0;977,2;977,3;976,8;1137,2;27,4;23,1;27,4;26,8;23,4;22,7;79;77;78;;8,1;2,1;
2024/04/12;1400 UTC;0;977;977,3;977;1531,4;28,6;23,3;28,6;27,3;23,4;22,7;78;72;73;;6,4;2,9;
2024/04/12;1500 UTC;0;976,2;977;976,1;2639,3;30,9;22,8;30,9;28,6;23,7;21,8;73;62;62;;8,1;2,8;
2024/04/12;1600 UTC;0;975,4;976,2;975,4;2018,3;30,1;21,8;31,4;29,8;23;21,2;62;57;61;;8,1;2,6;
2024/04/12;1700 UTC;0;974,8;975,4;974,8;2180,5;30,5;21,8;31,7;30;22,6;21,3;62;57;60;;6,5;2,7;
2024/04/12;1800 UTC;0;973,5;974,8;973,5;874,7;30,1;21,7;30,6;29,8;22,2;21,5;62;59;61;;5,8;1,5;
2024/04/12;1900 UTC;0;973,2;973,5;973,1;1063,7;30,7;21,6;31;30;22,2;21,5;62;58;59;;4,8;1,2;
2024/04/12;2000 UTC;0;973;973,3;973;865,4;30,5;22;31,2;30,5;22,1;21,4;60;57;60;;3,6;,6;
2024/04/12;2100 UTC;,2;973,4;973,4;972,9;157,8;27,4;23;30,5;27,4;23;21,8;77;60;77;;5,6;2;
2024/04/12;2200 UTC;,2;973,9;973,9;973,4;6,3;25,4;23,1;27,4;25,3;23,5;22,4;88;77;87;;5,1;1;
2024/04/12;2300 UTC;0;974,2;974,2;973,8;;25,2;23,4;26,2;25,2;23,5;23,2;89;84;89;;3,4;0;
2024/04/13;0000 UTC;0;974,8;974,8;974,2;;24,4;22,9;25,2;24,4;23,4;22,9;92;89;91;;3,1;,6;
2024/04/13;0100 UTC;0;975,2;975,2;974,8;;23,7;22;24,4;23,7;22,9;22;91;90;90;;2,6;,8;
2024/04/13;0200 UTC;0;975,6;975,6;975,2;;23,7;21,8;23,7;23,5;22;21,7;91;89;89;;2,5;,5;
2024/04/13;0300 UTC;0;975,4;975,8;975,4;;23,7;21,7;23,8;23,7;21,8;21,6;89;88;89;;2,2;,2;
2024/04/13;0400 UTC;0;975,1;975,4;975,1;;23,6;22;23,7;23,5;22;21,7;90;89;90;;1,9;0;
2024/04/13;0500 UTC;0;974,8;975,1;974,8;;23,2;21,7;23,7;23,2;22,1;21,7;92;90;92;;0;0;
2024/04/13;0600 UTC;0;974,6;974,8;974,5;;22,9;21,7;23,2;22,9;21,9;21,7;93;92;93;;0;0;
2024/04/13;0700 UTC;0;974,4;974,6;974,3;;22,6;21,6;22,9;22,5;21,8;21,4;94;93;94;;0;0;
2024/04/13;0800 UTC;0;974,7;974,7;974,3;;22,9;21,8;23,2;22,6;22,2;21,6;94;94;94;;2,2;,6;
2024/04/13;0900 UTC;,4;975;975;974,7;;23,1;22;23,2;22,9;22,1;21,8;94;94;94;;2,2;0;
2024/04/13;1000 UTC;9,4;975,8;975,8;975;,7;23,1;21;23,5;23,1;22,3;19,9;94;82;88;;3,9;1,2;
2024/04/13;1100 UTC;4,2;976,3;976,3;975,7;43,5;23,4;21,9;23,4;23,1;22,3;21,1;94;88;91;;3,9;,1;
2024/04/13;1200 UTC;0;976,6;976,6;976,3;460,1;24,4;22,9;24,5;23,4;23,2;22;94;91;91;;3,5;1,3;
2024/04/13;1300 UTC;0;976,5;976,6;976,5;1486,3;27,3;24;27,3;24,4;24,3;22,8;92;82;82;;5,2;1,9;
2024/04/13;1400 UTC;0;976,1;976,5;976,1;2173,7;28,3;22,4;29,3;26,9;24;22;83;68;70;;6,5;2;
2024/04/13;1500 UTC;0;975,1;976,1;975,1;2887,2;30,4;23,5;30,5;28,3;24,3;22,3;72;63;67;;6,8;3,6;
2024/04/13;1600 UTC;0;973,9;975,1;973,9;2387,6;31,7;22,4;31,7;29,5;23,8;21,6;68;57;58;;7;2,3;
2024/04/13;1700 UTC;0;972,8;973,9;972,8;2906,6;32,1;22,3;32,3;30,8;23;21,3;61;53;56;;6,7;2,4;
2024/04/13;1800 UTC;1;971,8;972,8;971,8;1761,8;29,7;23,3;32,5;29,5;23,4;21,4;70;54;69;;5,8;,4;
2024/04/13;1900 UTC;0;971,2;971,8;971,2;1028,8;30,1;24,2;31,2;29,2;24,2;22,5;73;63;71;;6,3;1,7;
2024/04/13;2000 UTC;0;971,1;971,2;970,9;1255,2;30,1;23,2;32,4;30,1;24,8;23,2;71;61;67;;4,5;,6;
2024/04/13;2100 UTC;0;971,2;971,3;971,1;405;27,8;23,1;30,1;27,8;24;22,9;76;67;76;;4,2;,2;
2024/04/13;2200 UTC;0;971,9;971,9;971,2;8;26,7;23,1;27,8;26,7;23,4;22,8;81;74;81;;2,3;0;
2024/04/13;2300 UTC;0;973;973,2;971,9;;23,8;22,3;26,7;23,8;23,4;22,2;92;81;92;;6,9;3;
2024/04/14;0000 UTC;3,6;973,3;973,3;972,9;,6;23,6;22,4;23,8;23,5;23,1;22,4;97;92;93;;6,4;,3;
2024/04/14;0100 UTC;0;974,2;974,2;973,3;;23,5;21,7;23,6;23,5;23;21,7;97;90;90;;2,9;,4;
2024/04/14;0200 UTC;0;973,8;974,2;973,8;;23,7;21,3;23,8;23,5;22,6;21,3;94;87;87;;1,9;0;
2024/04/14;0300 UTC;0;974,2;974,2;973,7;;24;20,9;24,1;23,7;22;20,9;90;83;83;;3,8;,7;
2024/04/14;0400 UTC;0;973,7;974,2;973,7;;23,9;20,6;24;23,9;21,4;20,6;86;82;82;;3,3;1;
2024/04/14;0500 UTC;0;973,4;973,7;973,4;;23,7;20,3;23,9;23,7;21,1;20,3;84;81;81;;2,8;,9;
2024/04/14;0600 UTC;0;972,6;973,4;972,6;;23,4;19,7;23,7;23,4;20,6;19,7;83;80;80;;3,2;,7;
2024/04/14;0700 UTC;0;972,2;972,6;972,2;;23,1;19;23,4;23,1;19,8;19;81;77;77;;2,8;,1;
2024/04/14;0800 UTC;0;972,4;972,5;972,1;;22,7;18,7;23,1;22,6;19,1;18,7;79;77;78;;1,5;0;
2024/04/14;0900 UTC;0;973,3;973,3;972,4;;22,6;18,5;22,8;22,3;19;18,4;80;78;78;;1,2;,3;
2024/04/14;1000 UTC;0;973,8;973,8;973,3;4,8;22,7;18,3;22,7;22,5;18,7;18,3;79;76;76;;1,7;,1;
2024/04/14;1100 UTC;0;974,2;974,2;973,8;306,9;24,9;19,8;25;22,7;20;18,3;77;73;73;;3;1;
2024/04/14;1200 UTC;0;974,7;974,8;974,2;917,4;26,1;19,7;26,5;24,8;20,4;19,5;73;67;68;;4,4;1,8;
2024/04/14;1300 UTC;0;974,9;975;974,7;1577;28,3;20,4;28,3;26,2;20,9;18,8;68;60;62;;5,4;1,8;
2024/04/14;1400 UTC;,2;974,6;975;974,6;2465,4;30;21,8;30,2;28,3;21,9;19,7;63;57;62;;4,4;1,2;
2024/04/14;1500 UTC;0;973,5;974,6;973,5;1985,7;30,5;22;31,2;29,3;23,1;20,9;65;58;60;;7,4;2,2;
2024/04/14;1600 UTC;11;972,9;973,5;972,9;1200,4;26,4;21,2;31,6;23,3;25,7;20,9;99;57;73;;16,9;,4;
2024/04/14;1700 UTC;,2;972,1;972,9;972,1;1214,9;27,3;18,9;27,5;26,3;21,2;18;73;58;61;;6,9;,6;
2024/04/14;1800 UTC;5,2;970,9;972,2;970,9;1093,9;27,6;19,2;27,6;25,6;19,6;16,1;67;53;60;;4,2;0;
2024/04/14;1900 UTC;0;970,5;971,4;970,5;2004,1;28,5;19,3;28,8;27,6;20,5;18,2;64;54;58;;4,6;1,3;
2024/04/14;2000 UTC;0;970,5;970,6;970,3;1270,2;28;21,3;29,2;27,8;21,8;19,5;69;57;67;;4,6;,9;
2024/04/14;2100 UTC;0;970,8;971;970,5;423,2;27,2;21,3;28,1;27,2;21,8;20,9;70;66;70;;4,3;1,7;
2024/04/14;2200 UTC;0;972;972;970,8;12,1;25,7;22,1;27,2;25,7;22,2;21,2;81;70;81;;4,2;,2;
2024/04/14;2300 UTC;0;972,6;972,6;972;;24,8;21,3;25,7;24,8;22,2;21,2;82;79;81;;2,3;,1;
2024/04/15;0000 UTC;0;973,4;973,4;972,6;;24,5;21,1;24,8;24,5;21,4;21;82;80;81;;4,5;1,1;
2024/04/15;0100 UTC;0;974,2;974,2;973,4;;24,8;20,7;24,9;24,5;21,2;20,6;82;78;78;;6;,7;
2024/04/15;0200 UTC;0;974,5;974,6;974,1;;24,3;20,4;24,8;24,3;20,7;20,2;79;76;79;;5;,1;
2024/04/15;0300 UTC;0;975;975;974,2;;23,6;19;24,3;23,6;20,5;19;81;76;76;;5,8;2,8;
2024/04/15;0400 UTC;24,4;974,2;975,2;974,2;,8;22,5;19;23,6;21,7;19,1;17,7;84;74;81;;7,5;2,9;
2024/04/15;0500 UTC;34,2;974,1;974,4;973,6;;22,5;19,3;22,7;21,7;19,6;18,5;83;81;82;;10;2,2;
2024/04/15;0600 UTC;18,6;973,3;974,1;973,3;;23,3;19,7;23,5;22,6;20;19,4;83;80;81;;5,2;,5;
2024/04/15;0700 UTC;4,6;972,6;973,3;972,5;;23,2;19,4;23,3;23,2;20,1;19,4;82;79;79;;5,5;,1;
2024/04/15;0800 UTC;,6;972,5;972,9;972,5;;23,1;18,7;23,2;23;20,8;18,7;87;76;76;;2;,6;
2024/04/15;0900 UTC;,4;973,3;973,4;972,5;;23,2;17;23,2;23,1;19,6;17;81;68;68;;3,2;,1;
2024/04/15;1000 UTC;3,2;972,9;973,3;972,8;;23,2;15,6;23,3;23,2;18,1;15,6;73;62;62;;6,3;2,6;
2024/04/15;1100 UTC;2,8;974;974;972,5;2,2;23,4;16,6;23,4;23,1;17,3;15,6;70;62;66;;6,8;2,7;
2024/04/15;1200 UTC;3;974,1;974,5;974;14,3;23,1;16,4;23,4;23,1;17,3;16,4;69;66;66;;6,8;2,1;
2024/04/15;1300 UTC;3,6;974,3;974,6;973,9;26,1;23,3;17,3;23,3;23,1;17,6;16,5;70;66;69;;5,5;2,2;
2024/04/15;1400 UTC;1,8;974,5;974,5;973,8;110,8;23,8;17,7;23,8;23,2;17,9;17,3;71;68;69;;7,1;2,1;
2024/04/15;1500 UTC;1,8;974,6;974,6;973,9;212,2;23,5;18,3;24;23,5;18,4;17,7;73;69;73;;7,6;3,6;
2024/04/15;1600 UTC;3,4;974;974,6;974;33,6;22,7;21,9;23,5;22,6;22,2;18,3;96;72;95;;12,4;5,6;
2024/04/15;1700 UTC;4,4;974,2;974,5;973,9;126;23;22,5;23,1;22,7;22,5;21,9;97;95;97;;11,4;3;
2024/04/15;1800 UTC;1,4;973,3;974,2;973,3;390,6;23,8;23,3;23,8;23;23,4;22,5;97;97;97;;5,7;1,1;
2024/04/15;1900 UTC;,4;972,1;973,3;972;383,7;23,9;23,4;24,1;23,7;23,6;23,2;97;96;97;;4,1;,2;
2024/04/15;2000 UTC;0;971,7;972,1;971,7;235,1;23,8;23,5;24;23,8;23,6;23,4;98;97;98;;2;,2;
2024/04/15;2100 UTC;0;971,9;972;971,5;74,5;23,7;23,3;23,9;23,6;23,6;23,3;98;98;98;;3,2;,9;
2024/04/15;2200 UTC;,2;972,8;972,8;971,9;,4;23,9;23,5;23,9;23,7;23,5;23,3;98;98;98;;4;1,8;
2024/04/15;2300 UTC;,4;973,8;973,8;972,8;;24;23,5;24;23,8;23,6;23,4;98;97;97;;4,2;1,9;
2024/04/16;0000 UTC;,8;974,7;974,7;973,8;;24;23,5;24;23,9;23,5;23,4;97;97;97;;5,2;2,3;
2024/04/16;0100 UTC;,6;974,8;974,8;974,6;;23,9;23,4;24,1;23,9;23,5;23,4;97;97;97;;6,2;2,5;
2024/04/16;0200 UTC;,2;974,5;974,8;974,5;;23,6;23;23,9;23,6;23,4;23;97;96;96;;6,7;2,8;
2024/04/16;0300 UTC;0;974,2;974,5;974,1;,7;23,3;22,6;23,7;23,3;23;22,6;96;96;96;;7;2,5;
2024/04/16;0400 UTC;0;974,2;974,2;973,9;1,2;23,1;18,6;23,4;23,1;22,6;18,6;96;76;76;;6;1,8;
2024/04/16;0500 UTC;0;974,7;974,9;974,2;;22,9;18,3;23,1;22,8;18,6;18,3;76;75;75;;4,5;,8;
2024/04/16;0600 UTC;0;974,5;974,9;974,4;;22,8;18;22,9;22,8;18,4;18;76;74;74;;2,9;,6;
2024/04/16;0700 UTC;0;974,7;974,7;974,3;;22,7;18,1;22,9;22,7;18,2;18;76;74;75;;2,9;0;
2024/04/16;0800 UTC;0;975;975;974,7;;22,8;18,3;22,8;22,6;18,4;18,1;77;75;76;;1,2;0;
2024/04/16;0900 UTC;0;975,6;975,6;975;;22,9;18,4;22,9;22,8;18,4;18,2;76;76;76;;1,6;,1;
2024/04/16;1000 UTC;0;976;976;975,5;,1;23;17,7;23;22,9;18,4;17,7;76;72;72;;1,9;,2;
2024/04/16;1100 UTC;,2;976,5;976,5;976;55,9;23,1;17,6;23,2;23;17,7;17,6;72;71;71;;1,6;0;
2024/04/16;1200 UTC;,2;976,6;976,8;976,5;313,1;24,1;18,3;24,1;23,1;18,6;17,6;72;70;70;;2,7;,8;
2024/04/16;1300 UTC;0;977,7;977,7;976,6;574,2;24,8;19;25;24,1;19,1;18,2;71;67;70;;4,3;,8;
2024/04/16;1400 UTC;0;977,8;978;977,7;454,5;25,1;19,1;25,5;24,7;20;18,8;72;69;69;;3,3;1,3;
2024/04/16;1500 UTC;6,6;977,4;978;977,4;264,1;24,2;18,3;25,3;24,1;19,5;16,5;72;61;70;;3,9;,5;
2024/04/16;1600 UTC;,2;976,6;977,4;976,6;481,4;24,5;18;24,7;24,2;18,7;18;70;67;67;;3,3;1,3;
2024/04/16;1700 UTC;,6;975,7;976,7;975,7;606,7;24,9;18,7;25;24,4;18,9;17,7;70;66;68;;4;1,4;
2024/04/16;1800 UTC;0;975,2;975,8;974,9;563,6;25,1;18,5;25,2;24,9;18,7;17,7;68;64;67;;5,3;1,1;
2024/04/16;1900 UTC;0;974,8;975,2;974,5;370,2;25,2;18,9;25,2;24,8;19,1;18,1;69;66;68;;4,7;2,1;
2024/04/16;2000 UTC;0;974,9;975,1;974,7;775;25,5;18,2;26,2;25,2;19,6;18,1;69;62;64;;6,4;2,3;
2024/04/16;2100 UTC;0;974,9;975,1;974,8;165,2;24,6;18,5;25,5;24,6;18,6;18,1;69;63;69;;5,1;,6;
2024/04/16;2200 UTC;0;975,4;975,4;974,9;3,5;24;19,1;24,6;23,8;19,1;18,3;74;68;74;;1,9;0;
2024/04/16;2300 UTC;0;975,9;976;975,4;;23,7;18,9;24;23,7;19,2;18,8;75;73;74;;1,4;,5;
2024/04/17;0000 UTC;0;976,7;976,7;975,8;;23,7;19,1;23,8;23,6;19,1;18,7;76;73;76;;1,6;,1;
2024/04/17;0100 UTC;0;977,3;977,3;976,7;;23,5;19,2;23,7;23,5;19,3;18,9;77;75;77;;2,4;1,3;
2024/04/17;0200 UTC;0;977,1;977,4;977;;23,3;18,8;23,6;23,3;19,2;18,8;77;75;76;;3;1,3;
2024/04/17;0300 UTC;0;977,5;977,6;977,1;;23;18,7;23,3;23;18,9;18,5;77;75;76;;2,8;1,2;
2024/04/17;0400 UTC;0;977,4;977,7;977,3;;22,9;18,7;23,1;22,9;19;18,5;77;76;77;;1,7;,6;
2024/04/17;0500 UTC;,2;977,5;977,7;977,4;,9;21,8;17,6;23,1;21,8;19,1;17,5;78;76;77;;5,9;1,6;
2024/04/17;0600 UTC;6,8;977,4;977,5;977,4;,5;21,5;16,4;21,8;21,4;17,6;15,4;77;68;73;;4,9;1;
2024/04/17;0700 UTC;,2;977,5;977,7;977,4;0;21,1;15,6;21,5;21,1;16,5;15,6;74;71;71;;4,7;1,5;
2024/04/17;0800 UTC;,2;977,8;977,8;977,4;;21;15,3;21,1;21;16,2;15,3;74;70;70;;4;,7;
2024/04/17;0900 UTC;0;978,5;978,5;977,8;1,7;20,7;15,7;21;20,7;17,9;15,2;83;69;73;;4,5;,4;
2024/04/17;1000 UTC;0;979,2;979,2;978,5;3,6;20,5;20,1;20,7;20,5;20,1;14,5;98;68;98;;4,2;1,4;
2024/04/17;1100 UTC;0;980;980,1;979,2;86;20;16,7;20,6;20;20,1;16,7;98;81;81;;6,5;2;
2024/04/17;1200 UTC;0;980,6;980,6;980;455,5;20,2;19;20,2;19,9;19,1;15,2;94;73;93;;7,7;2,8;
2024/04/17;1300 UTC;0;980,9;981;980,6;788;21,4;19,3;21,4;20,2;19,4;18,8;93;87;88;;6,3;2,8;
2024/04/17;1400 UTC;0;981;981,1;980,9;1134,3;22,2;13,9;22,4;21,2;19,4;13,9;88;59;59;;6,9;3;
2024/04/17;1500 UTC;0;980,3;981;980,3;2012,5;23,4;13,4;24;22,2;14,7;12,8;60;53;54;;6,2;2,4;
2024/04/17;1600 UTC;0;979,5;980,3;979,5;2982,5;24,3;11,8;24,3;23;13,6;11;54;45;46;;6;2,3;
2024/04/17;1700 UTC;0;978,6;979,5;978,5;3026;25,6;11,9;25,7;23,7;13,1;9,5;50;38;42;;5,7;1,9;
2024/04/17;1800 UTC;0;977,8;978,6;977,8;2684,6;25,9;11,2;26,4;25,2;12,3;9,5;44;35;40;;5,5;2,3;
2024/04/17;1900 UTC;0;977,3;977,8;977,3;1988,8;26;10,2;26,8;25,9;12,8;9,8;43;35;37;;5,7;2,3;
2024/04/17;2000 UTC;0;977;977,3;976,9;1233,8;26,3;12,7;26,8;25,9;12,8;10;43;37;43;;5,2;1,3;
2024/04/17;2100 UTC;0;977,1;977,1;976,9;527,9;24,8;14,4;26,3;24,8;14,7;12,4;52;42;52;;4,6;,6;
2024/04/17;2200 UTC;0;977,6;977,6;977,1;7,1;22,8;14,1;24,8;22,8;14,5;14,1;58;52;58;;3,1;,5;
2024/04/17;2300 UTC;0;978,2;978,2;977,6;;22,1;14,3;22,8;22;14,4;14,2;62;58;61;;3,6;1,2;
2024/04/18;0000 UTC;0;979,1;979,1;978,2;;20,7;14,1;22,1;20,7;14,4;14,1;66;61;66;;3,8;,9;
2024/04/18;0100 UTC;0;979,6;979,6;979,1;;20,2;13,2;20,6;19,8;14,2;13,2;69;64;64;;4,7;2,1;
2024/04/18;0200 UTC;0;979,7;979,7;979,6;;18,9;12,3;20,5;18,9;13,2;12;66;61;65;;6,4;1,5;
2024/04/18;0300 UTC;0;979,5;979,7;979,4;;17;12,1;19;17;12,6;12,1;73;65;73;;5;0;
2024/04/18;0400 UTC;0;979,2;979,5;979,1;;15,7;11,7;17;15,5;12;11,6;78;73;77;;1,4;0;
2024/04/18;0500 UTC;0;978,8;979,2;978,8;;16,1;11,4;16,3;15,6;11,8;11,3;77;73;74;;3,8;1,2;
2024/04/18;0600 UTC;0;978,4;978,8;978,3;;15,5;11,4;16,1;15,4;11,5;11,2;77;74;77;;3,8;1;
2024/04/18;0700 UTC;0;978,1;978,4;978,1;;14,9;11,1;15,5;14,9;11,3;11;78;77;78;;3,6;,9;
2024/04/18;0800 UTC;0;978,4;978,4;978,1;;14,5;11,1;14,9;14,4;11,1;11;80;78;80;;3,8;,3;
2024/04/18;0900 UTC;0;979,1;979,1;978,3;;12,8;9,9;14,5;12,8;11,1;9,8;83;80;83;;2;0;
2024/04/18;1000 UTC;0;979,6;979,7;979,1;5,4;11,5;8,6;12,8;11,5;9,8;8,6;84;82;82;;1,1;0;
2024/04/18;1100 UTC;0;980,3;980,3;979,6;330,4;14,9;14,3;14,9;11,5;14,4;8,6;99;82;97;;2,1;,3;
2024/04/18;1200 UTC;0;981;981;980,3;983,2;17,6;14,5;17,6;14,9;14,8;13,9;97;82;82;;3,6;1,2;
2024/04/18;1300 UTC;0;981,3;981,3;981;1969,1;19,2;14,6;19,3;17,4;15;14;83;73;75;;5,6;2,6;
2024/04/18;1400 UTC;0;981,1;981,4;981,1;2653,2;21,8;15,5;22;19,2;16,3;14,6;76;67;67;;5,8;2;
2024/04/18;1500 UTC;0;980,1;981,1;980,1;3044,9;22,9;14,4;23,6;21,5;16,2;14;69;58;59;;4,7;1,8;
2024/04/18;1600 UTC;0;979,4;980,1;979,4;3128,8;25,4;15,3;25,4;22,9;15,8;14,1;60;51;54;;5;1,6;
2024/04/18;1700 UTC;0;978,8;979,4;978,8;3103,6;26;13,3;26,1;25;15;12,8;54;45;46;;5;1,4;
2024/04/18;1800 UTC;0;978,2;978,8;978,2;2715,7;26,9;13,5;27;25,8;14,5;12,3;49;41;44;;4,5;1,7;
2024/04/18;1900 UTC;0;977,6;978,2;977,6;2157,6;27,1;10,6;27,5;26,4;13,7;10,1;44;34;36;;4,5;1,7;
2024/04/18;2000 UTC;0;977,2;977,6;977,2;1401,3;26,9;11;27,4;26,9;11,6;9,7;39;33;37;;4,6;,9;
2024/04/18;2100 UTC;0;977,3;977,3;977,2;506,5;25,3;12,2;27,1;25,3;12,3;10,3;44;35;44;;3,1;,3;
2024/04/18;2200 UTC;0;977,5;977,5;977,3;6,7;23,9;11,8;25,3;23,8;12,3;11,6;49;44;47;;2,8;,8;
2024/04/18;2300 UTC;0;977,9;977,9;977,4;;20,5;13,9;23,9;20,3;14,8;11,6;70;47;66;;2,6;0;
2024/04/19;0000 UTC;0;978,4;978,4;977,9;;18,3;14,3;20,5;18,2;14,6;13,4;78;65;78;;0;0;
2024/04/19;0100 UTC;0;978,6;978,6;978,4;;17,6;14,5;18,3;17,3;14,9;13,8;83;78;82;;0;0;
2024/04/19;0200 UTC;0;978,5;978,7;978,5;;17,2;14,3;17,7;17;14,6;13,8;84;81;83;;0;0;
2024/04/19;0300 UTC;0;978,4;978,6;978,3;;17,7;14,5;18,1;17,2;15;14,1;83;80;82;;1,1;0;
2024/04/19;0400 UTC;0;978,3;978,4;978,3;;17,6;14,3;18;17,5;14,7;14,3;82;80;81;;1,6;0;
2024/04/19;0500 UTC;0;977,8;978,3;977,8;;16,9;13,7;17,6;16,9;14,4;13,7;83;81;81;;1,6;,1;
2024/04/19;0600 UTC;0;977,3;977,8;977,3;;15,8;13,3;16,9;15,8;13,8;13,2;85;81;85;;1,5;0;
2024/04/19;0700 UTC;0;977,3;977,3;977,2;;14,6;12,3;16;14,6;13,5;12,3;87;84;86;;,8;0;
2024/04/19;0800 UTC;0;977,3;977,4;977,3;;14;12,2;14,6;14;12,6;12,1;89;86;89;;0;0;
2024/04/19;0900 UTC;0;977,8;977,8;977,3;;13,3;11,6;14,1;13,3;12,5;11,6;90;89;89;;0;0;
2024/04/19;1000 UTC;0;978,7;978,7;977,8;4,3;13,9;12,3;14,5;13,2;12,8;11,5;90;89;90;;0;0;
2024/04/19;1100 UTC;0;979,3;979,3;978,7;334,7;17,2;15,7;17,2;13,9;15,7;12,3;91;89;90;;0;0;
2024/04/19;1200 UTC;0;979,7;979,7;979,3;1060,1;20,8;16,9;21,3;17,2;17,6;15,3;91;78;78;;1,1;0;
2024/04/19;1300 UTC;0;979,9;979,9;979,6;1847,9;22,8;17,8;22,8;20,8;18,1;16,9;80;72;73;;6,9;2,4;
2024/04/19;1400 UTC;0;979,8;980;979,8;2539;24,3;16,6;24,6;22,5;18,3;16,1;73;60;63;;6,7;2,5;
2024/04/19;1500 UTC;0;979,1;979,8;979,1;2978,4;26;16,6;26,4;24,3;17,3;16;63;55;56;;6,3;2;
2024/04/19;1600 UTC;0;978,3;979,1;978,3;3023,7;27;15,6;27,3;25,5;17,1;15,2;57;49;50;;5,8;2,3;
2024/04/19;1700 UTC;0;977,4;978,3;977,4;3014,9;27,5;14,4;27,8;26,5;16,2;13,8;51;43;45;;5,8;1,5;
2024/04/19;1800 UTC;0;976,7;977,4;976,7;2664,5;28,2;13,2;28,6;27,4;14,7;12,3;45;38;40;;4,8;1,3;
2024/04/19;1900 UTC;0;976,2;976,7;976,1;2109,9;28,3;12,1;28,7;27,8;13,6;11,9;41;36;37;;4,5;1,3;
2024/04/19;2000 UTC;0;976;976,2;976;1365;27,9;13;28,5;27,8;13,2;10,8;40;34;40;;4,1;,3;
2024/04/19;2100 UTC;0;976,3;976,3;976;494,2;26,1;14,2;27,9;26,1;14,3;12,4;48;39;48;;2,7;,2;
2024/04/19;2200 UTC;0;976,6;976,6;976,3;5;22,9;15,2;26,1;22,7;15,5;14,3;62;48;62;;2,3;0;
2024/04/19;2300 UTC;0;977,3;977,3;976,6;;21,1;15,5;22,9;21,1;15,7;15,1;70;62;70;;,9;0;
2024/04/20;0000 UTC;0;977,8;977,8;977,3;;20,6;11,7;22,1;20,6;15,5;11,7;71;57;57;;3,1;,3;
2024/04/20;0100 UTC;0;978,1;978,1;977,8;;18,2;10,4;20,6;18,2;11,7;10,4;61;54;61;;1,9;0;
2024/04/20;0200 UTC;0;978,5;978,5;978,1;;17;10,4;19,2;17;10,5;9,7;65;55;65;;1;0;
2024/04/20;0300 UTC;0;978,3;978,5;978,3;;16,2;11,1;17;15,8;11,1;10,3;72;65;72;;0;0;
2024/04/20;0400 UTC;0;978,1;978,3;978,1;;17,6;10,6;17,9;16,1;11,1;10,4;72;63;64;;1,9;0;
2024/04/20;0500 UTC;0;977,9;978,1;977,8;;15,4;10,5;17,9;15,4;10,8;10,3;73;63;73;;1,4;0;
2024/04/20;0600 UTC;0;977,5;977,9;977,5;;16,3;11,2;16,4;14,2;11,6;10,3;79;72;72;;1,6;0;
2024/04/20;0700 UTC;0;977,5;977,5;977,4;;14,2;11,2;16,3;14,2;11,3;10,6;82;72;82;;,9;0;
2024/04/20;0800 UTC;0;977,8;977,8;977,5;;13,2;10,7;14,2;13,1;11,1;10,2;85;81;85;;,6;0;
2024/04/20;0900 UTC;0;978,1;978,1;977,8;;12,1;10;13,2;12,1;10,8;10;86;84;86;;0;0;
2024/04/20;1000 UTC;0;978,7;978,7;978,1;3,5;12,5;10,6;12,7;12;10,7;9,9;88;86;88;;0;0;
2024/04/20;1100 UTC;0;979,2;979,2;978,7;340,4;17;13,8;17;12,4;15;10,4;89;81;81;;0;0;
2024/04/20;1200 UTC;0;979,7;979,7;979,2;1114,5;20,3;14,9;20,9;17;15,5;13,5;81;68;71;;2,3;,2;
2024/04/20;1300 UTC;0;979,9;980;979,7;1893,5;23,4;15,5;23,6;20,3;16,3;14,8;72;61;61;;3,9;1;
2024/04/20;1400 UTC;0;979,7;979,9;979,7;2553,6;25,1;16,4;25,7;23,3;17;14,9;64;55;58;;3,3;1,4;
2024/04/20;1500 UTC;0;979,1;979,7;979,1;2941,8;26,9;16,7;27;25,1;17,7;16;59;53;54;;4,3;1,4;
2024/04/20;1600 UTC;0;978,2;979,1;978,2;3072,8;28,6;17,5;28,8;26,9;18,3;16,2;55;49;51;;4,5;1,1;
2024/04/20;1700 UTC;0;977,2;978,2;977,2;2962,2;29,3;17,4;29,8;28,6;19;16,6;53;46;49;;4,5;1;
2024/04/20;1800 UTC;0;976,4;977,2;976,4;2582,1;29,9;18,4;30,8;29,1;19,2;17,3;51;47;50;;4,2;,7;
2024/04/20;1900 UTC;0;976,1;976,5;976,1;2031,9;31;17,7;31,3;29,9;19,5;17,7;51;45;45;;3,5;,2;
2024/04/20;2000 UTC;0;975,7;976,1;975,7;1319,7;31,2;17;31,4;30,2;19,2;16,1;49;41;43;;3;0;
2024/04/20;2100 UTC;0;976;976;975,7;472,5;27,9;19,1;31,6;27,9;19,1;16,2;59;41;59;;1,8;,3;
2024/04/20;2200 UTC;0;976,2;976,2;976;4,2;25,4;19,4;27,9;25,2;19,6;18,8;69;59;69;;2;0;
2024/04/20;2300 UTC;0;976,5;976,5;976,2;;23,4;18,8;25,4;23,3;19,4;18,7;76;69;76;;1,5;0;
2024/04/21;0000 UTC;0;977,1;977,1;976,5;;20,1;17,8;23,4;20,1;19;17,8;87;76;87;;1,1;0;
2024/04/21;0100 UTC;0;977,3;977,3;977,1;;20,3;18,7;20,4;19,7;18,9;17,9;91;88;91;;0;0;
2024/04/21;0200 UTC;0;977,3;977,3;977,2;;19,5;18,2;20,3;19,2;18,7;17,7;92;89;92;;0;0;
2024/04/21;0300 UTC;0;977,2;977,4;977,2;;17,6;16,5;19,9;17,5;18,6;16,4;94;90;93;;0;0;
2024/04/21;0400 UTC;0;976,9;977,2;976,9;;17,7;16,8;17,7;17,1;16,9;16,1;95;93;95;;,6;0;
2024/04/21;0500 UTC;0;976,7;977;976,7;;18,4;17,6;18,5;17,7;17,6;16,9;95;95;95;;0;0;
2024/04/21;0600 UTC;0;976,5;976,7;976,4;;17,1;16,3;18,5;17,1;17,7;16,3;95;95;95;;0;0;
2024/04/21;0700 UTC;0;976,6;976,6;976,4;;17,6;16,9;17,6;16,8;16,9;16;95;95;95;;0;0;
2024/04/21;0800 UTC;0;976,6;976,7;976,5;;16,8;16;17,7;16,7;17;16;96;95;95;;1,7;0;
2024/04/21;0900 UTC;0;977,2;977,2;976,6;;16,1;15,4;16,8;16;16;15,3;95;95;95;;0;0;
2024/04/21;1000 UTC;0;978,2;978,2;977,2;5,2;15,9;15,1;16,4;15,8;15,7;15,1;96;95;95;;0;0;
2024/04/21;1100 UTC;0;978,6;978,6;978,2;314,4;20,5;19,7;20,5;15,9;19,7;15,1;96;95;96;;1,5;,1;
2024/04/21;1200 UTC;0;978,9;978,9;978,6;1047,3;24;19,8;24,2;20,5;20,6;19,2;96;77;77;;4,1;,9;
2024/04/21;1300 UTC;0;978,9;979;978,9;1774,4;27,2;21,2;27,2;24;21,2;19,9;79;69;70;;6,1;2;
2024/04/21;1400 UTC;0;978,5;979;978,5;2400,5;29,6;21,7;29,6;27,2;22,2;20,8;71;62;63;;6,3;1,5;
2024/04/21;1500 UTC;0;977,4;978,5;977,4;2781,3;30,9;21,6;31,2;29,5;22,4;21,2;65;56;58;;6,3;2,1;
2024/04/21;1600 UTC;0;976,4;977,4;976,4;2844,7;32,1;22,3;32,3;30,7;22,4;21,1;59;54;56;;6,1;2,4;
2024/04/21;1700 UTC;0;975,4;976,4;975,4;3008,4;32,9;21,8;33,2;31,8;23,1;21,2;58;51;52;;5,6;1,5;
2024/04/21;1800 UTC;0;974,5;975,4;974,5;2773,4;32,8;21,3;34,2;32,6;22,9;20,8;54;49;51;;4,4;1,3;
2024/04/21;1900 UTC;0;973,9;974,5;973,9;2180,8;33,2;20,5;33,8;32,7;22,1;20,5;53;47;47;;4,4;1,2;
2024/04/21;2000 UTC;0;973,7;973,9;973,6;1251,4;32,6;21;33,9;32,4;22;20,5;52;46;50;;3,5;,6;
2024/04/21;2100 UTC;0;973,8;973,8;973,6;425,1;30,8;21,8;32,6;30,8;22;20,8;59;50;59;;2,6;0;
2024/04/21;2200 UTC;0;973,9;973,9;973,7;4,5;27,3;22,2;30,8;27,3;22,7;21,6;74;59;74;;,7;0;
2024/04/21;2300 UTC;0;974,3;974,3;973,9;;26,1;22,4;27,3;26,1;22,4;22,1;80;74;80;;0;0;
2024/04/22;0000 UTC;0;974,9;974,9;974,3;;25,2;22,3;26,2;25,2;22,7;22,2;85;80;84;;0;0;
2024/04/22;0100 UTC;0;975,3;975,3;974,9;;24;21,9;25,3;23,9;22,3;21,7;89;84;88;;0;0;
2024/04/22;0200 UTC;0;975,4;975,5;975,3;;23,8;21,6;24,5;23,2;22,4;21,2;90;86;87;;2,6;0;
2024/04/22;0300 UTC;0;975,8;975,8;975,3;;25;21,5;25,1;23,3;22;20,8;88;80;81;;5,7;,5;
2024/04/22;0400 UTC;0;975,9;976;975,8;;22,7;20,6;25;22,7;21,5;20,3;88;80;88;;2,2;,8;
2024/04/22;0500 UTC;0;975,4;975,9;975,4;;22,7;21;22,9;22,3;21,2;20,6;91;88;90;;2,2;0;
2024/04/22;0600 UTC;0;975;975,4;975;;23,1;21,1;23,1;22,4;21,3;20,7;91;89;89;;1,1;,1;
2024/04/22;0700 UTC;0;974,7;975;974,7;;23,1;20,8;23,1;22,9;21,1;20,8;89;87;87;;1,1;0;
2024/04/22;0800 UTC;0;974,8;974,9;974,6;;22,8;20,7;23,1;22,5;20,8;20,4;89;87;88;;,8;0;
2024/04/22;0900 UTC;0;974,9;974,9;974,6;;21,9;20,3;23,1;21,9;20,7;20,1;90;86;90;;1;0;
2024/04/22;1000 UTC;0;975,7;975,7;974,9;1,4;22,1;20,5;22,4;21,9;20,7;20,2;91;89;90;;1,7;0;
2024/04/22;1100 UTC;0;976,5;976,5;975,7;144,4;23,3;20,8;23,3;22,1;21;20,4;90;86;86;;,9;0;
2024/04/22;1200 UTC;0;976,7;976,8;976,5;701,7;26,2;21,5;26,8;23,3;22,2;20,8;87;73;75;;2;,2;
2024/04/22;1300 UTC;0;976,5;976,7;976,5;1624;29,1;21,5;29,2;26,1;22,3;21,1;75;62;64;;5,7;3,1;
2024/04/22;1400 UTC;0;976,4;976,7;976,4;2384,2;31,2;21,1;31,4;29,1;22,6;20,6;64;54;55;;6,8;3;
2024/04/22;1500 UTC;0;975,4;976,4;975,4;2770,9;32,4;21,1;32,8;31,1;22,2;20,5;56;51;52;;6,6;2,4;
2024/04/22;1600 UTC;0;974,5;975,4;974,5;2977;33;21,3;33,6;32,3;22,6;20,5;55;48;50;;6,9;3,3;
2024/04/22;1700 UTC;0;973,6;974,5;973,6;2184,6;32,4;20,7;33,1;31,3;23;20,1;58;49;50;;8;4,3;
2024/04/22;1800 UTC;0;972,8;973,6;972,8;2091,3;33;20,7;33,3;32;22,1;20,3;55;47;49;;8,7;4,4;
2024/04/22;1900 UTC;0;972,4;972,8;972,4;1659,3;33;21,5;33,2;31,7;22,1;20,6;55;48;51;;8,7;3,4;
2024/04/22;2000 UTC;0;972,3;972,4;972,2;1143,1;31,1;22,7;33;31,1;23;20,6;61;49;61;;6;,9;
2024/04/22;2100 UTC;0;973,1;973,1;972,3;274,4;29,2;23,4;31,2;29;24,2;22,7;74;61;71;;3,1;0;
2024/04/22;2200 UTC;0;973,1;973,2;972,9;11,5;25,8;21,4;29,2;25,8;24,1;20,9;78;69;77;;0;0;
2024/04/22;2300 UTC;0;973,6;973,6;973,1;;24,8;21,5;25,9;24,8;22,5;21,5;83;77;82;;0;0;
2024/04/23;0000 UTC;0;973,9;974;973,6;;25,5;21,3;25,5;24,1;21,7;21,3;86;78;78;;3,2;,7;
2024/04/23;0100 UTC;0;974,5;974,5;973,8;;23,6;20,9;26,2;23,6;21,3;20,8;85;74;85;;2,3;0;
2024/04/23;0200 UTC;0;974,6;974,7;974,3;;23,2;20,6;24,6;23,2;21,5;20,6;85;81;85;;1,2;0;
2024/04/23;0300 UTC;0;974,8;974,8;974,6;;22,4;20,5;23,5;22,2;20,9;20,3;89;85;89;;2;1,3;
2024/04/23;0400 UTC;0;974,7;974,8;974,7;;22,2;20;22,9;22,2;20,6;19,9;89;86;88;;2;0;
2024/04/23;0500 UTC;0;974,4;974,7;974,3;;21,5;19,5;23,4;21,5;20,6;19,5;89;83;89;;2,4;0;
2024/04/23;0600 UTC;0;974,6;974,6;974,4;;21,1;19,4;21,5;21,1;19,7;19,3;91;89;90;;1,2;0;
2024/04/23;0700 UTC;0;974,8;974,9;974,6;;20,4;19;21,1;20,4;19,6;19;92;90;92;;1,4;,4;
2024/04/23;0800 UTC;0;974,8;974,8;974,7;;20,1;19;20,4;19,8;19;18,6;93;91;93;;1,9;,9;
2024/04/23;0900 UTC;0;975,5;975,5;974,8;;19,5;18,4;20,2;19,5;19;18,4;94;93;93;;1,6;0;
2024/04/23;1000 UTC;0;976,4;976,4;975,5;3,4;19,2;18,2;19,8;19,1;18,8;18;94;93;94;;0;0;
2024/04/23;1100 UTC;0;976,9;977;976,4;300,1;23,8;21,6;23,8;19,2;21,8;18,2;95;87;87;;0;0;
2024/04/23;1200 UTC;0;977,2;977,3;976,8;1024,9;26;20,9;26,1;23,4;21,6;20,5;87;73;73;;2;,6;
2024/04/23;1300 UTC;0;977,3;977,4;977,2;1759,8;28,4;21;28,5;26;21,7;20,2;74;62;64;;2,9;,8;
2024/04/23;1400 UTC;0;977,1;977,4;977,1;2396,6;31,2;19,9;31,3;28,4;21,4;19,1;65;50;51;;4,4;1,8;
2024/04/23;1500 UTC;0;976,3;977,1;976,3;2782,6;32,1;20,1;32,5;30,8;20,7;19,3;54;47;49;;5,7;2,5;
2024/04/23;1600 UTC;0;975,5;976,3;975,5;2926,7;32,9;17,8;33,3;32,1;21,1;17,8;50;40;41;;6,7;3,7;
2024/04/23;1700 UTC;0;974,8;975,5;974,8;2828,2;33,7;17,7;34;32,9;19,5;16,7;44;37;39;;7;2,1;
2024/04/23;1800 UTC;0;974,1;974,8;974,1;2475,6;33,3;17,6;33,8;32,9;18,8;16,2;43;36;39;;5,8;1,6;
2024/04/23;1900 UTC;0;973,9;974,1;973,9;1942;32,9;18,7;33,8;32,8;19,6;16,4;44;37;43;;5,4;1,4;
2024/04/23;2000 UTC;0;974,1;974,1;973,9;1210,8;31,9;19,5;33;31,8;19,6;17,8;48;41;48;;3,6;1,3;
2024/04/23;2100 UTC;0;974,5;974,5;974,1;407,7;29,1;21,6;31,9;29,1;21,6;19,3;64;47;64;;3,1;0;
2024/04/23;2200 UTC;0;974,4;974,5;974,4;2,5;25,8;20,9;29,1;25,7;21,8;20;75;64;75;;0;0;
2024/04/23;2300 UTC;0;974,8;974,8;974,4;;23,4;20;25,8;23,4;21;19,7;81;74;81;;0;0;
2024/04/24;0000 UTC;0;975,3;975,3;974,8;;22,8;20,1;23,5;22,8;20,8;20;86;81;85;;0;0;
2024/04/24;0100 UTC;0;975,4;975,7;975,3;;21,6;19,4;22,8;21,5;20;18,8;88;82;88;;0;0;
2024/04/24;0200 UTC;0;975,9;975,9;975,2;;23,2;19,3;23,2;21,2;19,7;18,3;89;79;79;;2,1;,7;
2024/04/24;0300 UTC;0;975,8;975,9;975,8;;20,4;18,4;23,2;20,4;19,3;18,1;88;78;88;;2,1;,1;
2024/04/24;0400 UTC;0;975,9;975,9;975,7;;19,8;18,1;20,4;19,8;18,5;18,1;91;88;90;;1,3;0;
2024/04/24;0500 UTC;0;975,4;975,9;975,3;;19,6;17,8;19,8;19,6;18,3;17,8;91;89;89;;1,3;0;
2024/04/24;0600 UTC;0;975,5;975,6;975,3;;20,1;17,7;20,3;19,3;18,1;17,5;90;86;87;;,9;0;
2024/04/24;0700 UTC;0;974,8;975,5;974,8;;18,3;16,9;20;18,3;17,8;16,9;92;87;92;;1,3;0;
2024/04/24;0800 UTC;0;974,7;975;974,7;;18,9;17,6;18,9;18,2;17,6;16,8;92;91;92;;1,6;,2;
2024/04/24;0900 UTC;0;975,8;975,8;974,7;;19,2;17,6;19,3;18,3;17,8;16,9;92;90;91;;2,1;0;
2024/04/24;1000 UTC;0;976,7;976,7;975,8;3,1;18,3;17,1;19,2;18,1;17,6;16,9;93;90;93;;,4;0;
2024/04/24;1100 UTC;0;976,7;977,2;976,6;325,1;21,5;19,2;21,5;18,3;19,2;17,2;94;87;87;;1,8;,3;
2024/04/24;1200 UTC;0;977,3;977,3;976,6;1068,8;25,1;19,7;25,4;21,6;20,4;19,1;87;68;72;;3;1,1;
2024/04/24;1300 UTC;0;978,1;978,1;977,3;1257,6;26,6;19,2;26,7;25,1;20;19;72;64;64;;4,6;2;
2024/04/24;1400 UTC;0;977,7;978,2;977,7;1267;28;20,6;28,1;26,6;20,9;19,2;68;61;64;;4,1;1,2;
2024/04/24;1500 UTC;0;976,4;977,7;976,4;2207,6;30,6;20,9;30,6;28;21,7;19,9;65;56;56;;5;2,2;
2024/04/24;1600 UTC;0;976,2;976,4;976;1887,6;30,8;20,8;31,3;29,6;22,4;20,1;61;53;55;;5,1;2,3;
2024/04/24;1700 UTC;0;976,1;976,5;976,1;1586,4;30,9;21,1;31,5;30,7;21,5;19,9;57;52;56;;4,7;,5;
2024/04/24;1800 UTC;0;975,1;976,1;975,1;1146,4;30,5;21,7;31,6;30,5;22;18,9;60;47;59;;2,4;,1;
2024/04/24;1900 UTC;;;;;;;;;;;;;;;;;;
2024/04/24;2000 UTC;;;;;;;;;;;;;;;;;;
2024/04/24;2100 UTC;1,6;975,7;975,7;975,3;166;26,5;23;28,9;26,5;27,4;22,5;94;70;81;;1,3;0;
2024/04/24;2200 UTC;0;975,8;975,8;975,6;;24,9;21,3;27;24,7;23,8;21,1;84;79;80;;,9;,2;
2024/04/24;2300 UTC;0;975,8;975,9;975,5;;24,1;22;25;24,1;22,3;21,4;88;80;88;;1,3;,3;
2024/04/25;0000 UTC;0;976,2;976,3;975,8;;22,5;21,6;24,1;22,5;22,2;21,4;94;88;94;;1,1;,2;
2024/04/25;0100 UTC;0;975,9;976,2;975,9;;22,9;21,9;23,1;22,5;22,2;21,6;96;94;94;;1,2;,1;
2024/04/25;0200 UTC;0;975,8;976;975,8;;21,4;20,7;23;21,4;21,9;20,5;96;92;96;;,8;0;
2024/04/25;0300 UTC;0;976;976,1;975,8;;20,9;20,3;21,4;20,9;20,8;20,2;97;95;96;;1,6;,2;
2024/04/25;0400 UTC;0;975,8;976;975,8;;21,5;20,6;21,5;20,9;20,7;20;96;94;94;;1,8;1;
2024/04/25;0500 UTC;0;975,4;975,8;975,4;;22,2;20,4;23;21,5;21,1;20,3;94;86;89;;2;,3;
2024/04/25;0600 UTC;0;975,4;975,4;975,3;;20,7;20;22,3;20,6;20,7;19,7;96;89;96;;1,3;,4;
2024/04/25;0700 UTC;0;975,4;975,5;975,4;;19,8;19,3;20,9;19,8;20,3;19,3;97;96;97;;1,4;0;
2024/04/25;0800 UTC;0;975,3;975,4;975,2;;18,8;18,6;19,8;18,8;19,4;18,4;99;97;99;;1,4;1,1;
2024/04/25;0900 UTC;0;975,5;975,5;975,2;;19,2;19;19,2;18,8;19;18,6;99;98;99;;1,4;,3;
2024/04/25;1000 UTC;0;975,9;975,9;975,5;;18,6;18,4;19,2;18,6;19;18,4;99;99;99;;,7;0;
2024/04/25;1100 UTC;0;976,4;976,4;975,9;231,5;22,5;20,7;22,5;18,6;21;18,5;100;90;90;;1,4;,2;
2024/04/25;1200 UTC;0;977;977;976,4;975,8;24,8;21,2;24,8;22,5;21,2;19,8;90;79;80;85;1,8;,6;
2024/04/25;1300 UTC;0;977,7;977,7;977;1743;27,7;20,5;27,7;24,8;21,6;19,9;80;63;65;55;4;2,2;
2024/04/25;1400 UTC;0;977,6;977,8;977,6;2360,7;29,5;19,7;29,6;27,7;20,9;19,6;66;55;56;54;6,1;2,6;
2024/04/25;1500 UTC;0;976,5;977,6;976,5;2766,4;30,8;19,6;31,1;29,4;21,3;19,6;58;51;51;18;5,7;2,7;
2024/04/25;1600 UTC;0;975,6;976,5;975,6;2912,1;32,1;19,1;32,3;30,6;21,4;18,6;55;45;46;14;5,6;2,3;
2024/04/25;1700 UTC;0;974,7;975,6;974,7;2641,3;33;18,7;33;31,6;20,8;18;52;42;43;347;5,4;1,5;
2024/04/25;1800 UTC;0;973,9;974,7;973,9;2475,3;33,1;19,5;33,1;32,4;20,2;16,9;48;38;45;356;4,8;1,4;
2024/04/25;1900 UTC;0;973,5;973,9;973,5;1994,6;32,7;17,6;33,2;32,5;19,4;16,2;45;37;41;357;4,4;1;
2024/04/25;2000 UTC;0;973,6;973,7;973,5;1125,2;31,9;21,3;33;31,8;21,5;17,2;54;39;54;338;2,7;,1;
2024/04/25;2100 UTC;0;973,9;973,9;973,6;432;29,7;22,1;32;29,7;22,1;18,4;64;46;64;125;1,4;0;
2024/04/25;2200 UTC;0;974,1;974,1;973,9;4,4;25,5;20,8;29,7;25,5;22;20;76;60;76;134;,6;0;
2024/04/25;2300 UTC;0;974,4;974,4;974;;23,5;20,5;25,4;23,5;20,9;20,2;83;75;83;358;1;0;
2024/04/26;0000 UTC;0;975;975;974,4;;23;20,6;23,5;23;21,1;20,5;88;83;86;50;0;0;
2024/04/26;0100 UTC;0;975,3;975,3;974,9;;21,9;20,6;23,1;21,9;20,8;20,2;92;85;92;13;,9;0;
2024/04/26;0200 UTC;0;975,4;975,5;975,3;;21,6;20,7;21,9;21,3;20,8;20,5;96;92;95;13;,6;0;
2024/04/26;0300 UTC;0;975,4;975,5;975,4;;20,2;19,6;21,7;20,2;20,8;19,6;96;93;96;304;,3;0;
2024/04/26;0400 UTC;0;975,2;975,4;975,1;;19,7;19,2;20,3;19,7;19,8;19,2;97;96;97;329;1,8;,8;
2024/04/26;0500 UTC;0;974,9;975,2;974,9;;19,8;19,3;20;19,4;19,5;18,8;97;96;97;129;1,8;,1;
2024/04/26;0600 UTC;0;974,9;975;974,9;;19;18,6;20;18,9;19,5;18,4;98;96;98;352;1,8;,1;
2024/04/26;0700 UTC;0;974,7;974,9;974,6;;18,8;18,3;19,5;18,8;19;18,2;98;96;97;304;,9;0;
2024/04/26;0800 UTC;0;974,3;974,7;974,3;;18,6;18,2;18,8;18,6;18,4;18,1;97;97;97;324;1,5;,3;
2024/04/26;0900 UTC;0;974,8;974,8;974,3;;18,7;18,1;19,1;18,5;18,7;18,1;98;96;96;132;4,4;,4;
2024/04/26;1000 UTC;0;975,4;975,5;974,8;;20,3;19,8;20,3;18,6;19,9;18,2;98;96;97;80;2,3;1,2;
2024/04/26;1100 UTC;0;976;976;975,4;228,9;23,2;20,1;23,2;20,3;20,2;19,2;97;83;83;51;3,4;1,8;
2024/04/26;1200 UTC;0;976,4;976,4;976;956,9;26;20,8;26,2;23,2;21,3;20,2;83;73;73;65;4,5;1,9;
2024/04/26;1300 UTC;0;976,6;976,6;976,4;1710,1;28,2;21;28,5;26;21,6;20,8;74;64;65;52;6;2,8;
2024/04/26;1400 UTC;0;976,5;976,7;976,5;2315,8;30,5;22,3;30,5;28;22,3;20,9;67;60;62;47;6,6;3,2;
2024/04/26;1500 UTC;0;975,6;976,5;975,6;2732,5;31,3;21,3;31,9;29,9;22,4;21,2;62;55;55;59;7,1;4;
2024/04/26;1600 UTC;0;974,5;975,6;974,5;2900,1;33;21,6;33,3;31,2;22,3;21,3;58;50;51;35;7,4;3,1;
2024/04/26;1700 UTC;0;973,4;974,5;973,4;2810,1;33,9;20,8;34,1;32,9;21,9;20,5;52;46;46;23;8;2,8;
2024/04/26;1800 UTC;0;972,7;973,4;972,6;2532,5;33,7;20,1;34,1;33,5;22,2;19,9;50;44;45;5;9,2;2,9;
2024/04/26;1900 UTC;0;972,2;972,7;972,2;1968,4;33,6;19,8;34,2;33,6;21,2;19,4;48;43;44;22;7,2;3,5;
2024/04/26;2000 UTC;0;972,2;972,2;972,1;1234,7;32,7;20,3;33,6;32,7;21,2;19,8;49;44;48;12;6,6;2,3;
2024/04/26;2100 UTC;0;972,2;972,3;972,2;439,5;30,9;21,6;32,8;30,9;21,6;20;58;47;58;66;4,7;,3;
2024/04/26;2200 UTC;0;972,1;972,3;972,1;5,1;28,4;21,9;30,9;28,4;22;21,5;68;58;68;74;1,8;,6;
2024/04/26;2300 UTC;0;972,3;972,3;972;;27,7;21,4;28,7;27,6;21,9;21,4;69;66;69;52;2,5;1,1;
2024/04/27;0000 UTC;0;972,9;972,9;972,3;;27;21,1;27,7;26,8;21,4;21,1;72;69;70;41;3,2;1,2;
2024/04/27;0100 UTC;0;973,4;973,4;972,9;;24,1;21,5;27,1;24;21,6;21;86;70;86;336;2,9;1,1;
2024/04/27;0200 UTC;0;973,6;973,6;973,4;;23,3;21,3;24,1;23,3;21,5;21,3;89;85;89;311;1,9;1,5;
2024/04/27;0300 UTC;0;973,7;973,7;973,6;;23,2;21,4;23,3;23;21,7;21,4;91;89;90;17;1,9;,3;
2024/04/27;0400 UTC;0;973,3;973,7;973,3;;22,6;21,1;23,5;22,6;21,5;21;91;88;91;339;1,5;,7;
2024/04/27;0500 UTC;0;973,2;973,3;973,1;;22,3;21;22,6;22,2;21,3;20,9;93;91;92;27;1,3;,2;
2024/04/27;0600 UTC;0;972,9;973,2;972,9;;22,1;20,6;22,6;22;21,2;20,6;93;90;91;358;1,3;,1;
2024/04/27;0700 UTC;0;973;973;972,9;;21,3;20,5;22,4;21,3;21,1;20,4;95;91;95;291;1,8;,5;
2024/04/27;0800 UTC;0;973;973,1;973;;21,4;20,7;21,6;21,3;20,9;20,5;96;95;96;303;1,2;0;
2024/04/27;0900 UTC;0;973,6;973,6;973;;21,7;20,7;22,1;21,3;21,3;20,6;96;93;94;116;1,8;1,1;
2024/04/27;1000 UTC;0;974,5;974,5;973,6;,2;20,9;20,3;21,9;20,8;20,8;20,1;97;93;97;244;2,1;1;
2024/04/27;1100 UTC;0;975,3;975,3;974,5;207,6;23,6;22,1;23,7;20,9;22,1;20,3;97;91;91;185;1,6;0;
2024/04/27;1200 UTC;0;975,7;975,7;975,2;880,1;27,5;23,1;27,5;23,5;23,1;21,8;91;77;77;58;1,8;,2;
2024/04/27;1300 UTC;0;975,8;975,9;975,6;1664,9;29,9;23,5;30;27,3;23,8;22,4;77;67;68;3;3;1,3;
2024/04/27;1400 UTC;0;975,3;975,8;975,3;2262,7;31,5;23,5;31,5;29,3;24,2;22,5;69;63;63;329;4;2,3;
2024/04/27;1500 UTC;0;974,6;975,3;974,6;2682,9;33;23;33,2;31,3;25;22,1;67;54;56;354;6,5;2,4;
2024/04/27;1600 UTC;0;973,8;974,6;973,8;2442,6;33,5;22,5;33,9;32,3;23,7;21,9;59;51;53;346;5,8;2,6;
2024/04/27;1700 UTC;0;973;973,8;973;2582,3;34,2;22,9;34,5;32,7;23,9;21,6;57;49;52;332;7,4;3;
2024/04/27;1800 UTC;0;972,3;973;972,3;2135,3;32,5;23,6;34,5;32,4;23,8;21,4;60;48;60;315;6,4;2,1;
2024/04/27;1900 UTC;0;972,1;972,3;972,1;1990,7;33,5;22,2;34,3;32,5;24,1;22,1;60;50;52;311;7,7;3;
2024/04/27;2000 UTC;0;972;972,1;972;1264,8;32,5;22,2;33,7;32,5;23,6;21,7;56;51;55;299;7;2,4;
2024/04/27;2100 UTC;0;972,1;972,1;972;454;29,6;23,3;32,5;29,6;23,7;22,3;69;55;69;296;4,2;1,5;
2024/04/27;2200 UTC;0;972,3;972,3;972,1;6,5;26,9;23,2;29,6;26,9;23,3;23,1;81;69;81;328;2,2;,4;
2024/04/27;2300 UTC;0;972,5;972,5;972,3;;25,4;22,8;27;25,4;23,2;22,8;85;80;85;343;1,6;,9;
2024/04/28;0000 UTC;0;972,9;972,9;972,5;;24,3;22,6;25,4;24,1;22,9;22,4;92;85;90;350;1,7;,4;
2024/04/28;0100 UTC;0;973;973;972,9;;23,3;22;24,3;23,3;22,6;22;93;90;93;352;1,5;,5;
2024/04/28;0200 UTC;0;973,3;973,3;972,9;;23,6;22;23,9;22,8;22,5;21,6;94;91;91;11;2;1;
2024/04/28;0300 UTC;0;973,6;973,7;973,3;;23,2;22,2;23,6;22,8;22,2;21,7;94;91;94;8;1,9;,8;
2024/04/28;0400 UTC;0;973,5;973,7;973,5;;22,6;21,6;23,4;22,6;22,3;21,5;94;92;94;340;2,1;1,5;
2024/04/28;0500 UTC;0;973,5;973,6;973,4;;21,9;21,1;22,6;21,9;21,6;21;96;94;95;16;2,5;0;
2024/04/28;0600 UTC;0;973,5;973,6;973,5;;21,8;21,3;21,9;21,6;21,4;21;97;95;97;116;,9;0;
2024/04/28;0700 UTC;0;973,4;973,5;973,4;;21,8;21,3;22;21,5;21,7;21;98;97;97;41;1,5;,5;
2024/04/28;0800 UTC;0;973,5;973,5;973,3;;20,9;20,5;21,7;20,9;21,3;20,5;98;97;97;324;1,1;,2;
2024/04/28;0900 UTC;0;974,1;974,1;973,5;;21,1;20,8;21,5;20,8;21,2;20,4;98;97;98;25;1,5;,1;
2024/04/28;1000 UTC;0;974,8;974,9;974,1;,5;21,3;21;21,4;21,1;21,2;20,7;98;98;98;321;1,3;,4;
2024/04/28;1100 UTC;0;975,3;975,3;974,8;166,4;22,8;22,4;22,8;21,3;22,4;21;98;97;98;325;1,1;,2;
2024/04/28;1200 UTC;0;975,8;975,8;975,2;935,3;26,6;23,4;26,6;22,9;23,5;21,9;98;83;83;23;3,3;1,5;
2024/04/28;1300 UTC;0;975,9;975,9;975,8;1492,8;30,1;24,3;30,1;26,3;24,4;22,7;84;71;71;355;4;1,6;
2024/04/28;1400 UTC;0;975,6;975,9;975,6;2411,5;31,9;24,3;32;29,7;24,8;23,4;72;63;64;349;5,6;2;
2024/04/28;1500 UTC;0;974,9;975,6;974,9;2706,7;32,9;24;32,9;31,6;24,5;23,1;66;58;60;336;7;3,1;
2024/04/28;1600 UTC;0;974,1;974,9;974,1;2889,1;33,2;22,8;33,6;32,8;24,3;22,5;60;53;54;326;7,7;4;
2024/04/28;1700 UTC;0;973,1;974,1;973,1;2774;33,5;22,2;34,2;32,6;23,9;21,4;58;49;52;330;7,6;3,8;
2024/04/28;1800 UTC;0;972,6;973,2;972,5;2447;34;22,8;34;32,8;23,3;21,3;56;49;52;317;8,3;2,9;
2024/04/28;1900 UTC;0;972;972,6;972;1976,2;33,3;21,5;34;33,3;22,7;20,6;53;46;50;310;7,7;3,3;
2024/04/28;2000 UTC;0;971,6;972;971,6;1260,8;32,4;22,6;33,3;32,4;22,9;20,7;56;47;56;323;6,7;1,7;
2024/04/28;2100 UTC;0;971,5;971,6;971,5;446,4;29,9;23,3;32,4;29,9;23,5;22,4;68;56;68;343;3,9;,2;
2024/04/28;2200 UTC;0;971,5;971,6;971,3;3,1;27,1;22,9;29,9;27;23,8;22,9;79;68;78;357;1;,1;
2024/04/28;2300 UTC;0;972;972,1;971,5;;25,6;22,5;27,1;25,6;23;22,4;83;78;83;12;1,3;,2;
2024/04/29;0000 UTC;0;972,5;972,5;972;;24,2;22,3;25,6;24,2;22,8;22,2;89;83;89;314;1,5;,5;
2024/04/29;0100 UTC;0;973,1;973,1;972,5;;23,9;22,3;24,2;23,5;22,7;22,2;93;89;91;327;2,8;1,4;
2024/04/29;0200 UTC;0;973,5;973,5;972,9;;23,8;22,3;23,9;23,2;22,4;22;93;91;91;11;2,5;,7;
2024/04/29;0300 UTC;0;973,8;973,8;973,5;;23,4;21,9;24,5;23,4;22,5;21,9;91;88;91;341;2,5;1,3;
2024/04/29;0400 UTC;0;973,6;973,8;973,4;;23,1;21,9;24,3;23,1;22,5;21,9;93;89;93;340;2,6;1,3;
2024/04/29;0500 UTC;0;973,3;973,6;973,3;;22,8;21,9;23,4;22,8;22,2;21,7;94;93;94;338;2,2;1,3;
2024/04/29;0600 UTC;0;972,9;973,3;972,9;;22,5;21,7;22,9;22,5;22,1;21,6;96;94;95;333;2,5;1,3;
2024/04/29;0700 UTC;0;972,8;973;972,7;;22,8;21,8;22,8;22,1;22;21,5;96;94;94;7;2,1;1,1;
2024/04/29;0800 UTC;0;973,1;973,1;972,7;;22,5;21,7;22,9;22,2;21,9;21,2;96;93;95;53;2;1,1;
2024/04/29;0900 UTC;0;973,8;973,8;973,1;;22,5;21,6;22,5;22;21,7;21,3;96;95;95;47;1,9;1,1;
2024/04/29;1000 UTC;0;974,7;974,7;973,8;,5;22,6;21,4;22,6;22,4;21,6;21,3;95;93;93;46;3;1,7;
2024/04/29;1100 UTC;0;975,5;975,5;974,7;206,8;24,6;22,1;24,6;22,6;22,1;21,3;93;86;86;51;3,4;1,5;
2024/04/29;1200 UTC;0;976,2;976,2;975,5;939,1;27,2;22,8;27,3;24,6;23,5;22,1;86;77;77;42;4,3;2,4;
2024/04/29;1300 UTC;0;976,3;976,3;976,2;1666,9;30,1;22,5;30,5;27,2;24;22,5;78;64;64;30;5,8;3,3;
2024/04/29;1400 UTC;0;976;976,3;976;2267,2;31,9;23;32,1;29,9;23,7;22,3;66;58;59;24;6,8;3;
2024/04/29;1500 UTC;0;975,3;976;975,3;2673,8;33,5;22,4;33,6;31,9;24;21;60;49;52;9;7,3;3,3;
2024/04/29;1600 UTC;0;974,5;975,3;974,5;2659,2;33,8;21,3;34,7;33,2;22,8;20,6;53;46;48;7;7;2,2;
2024/04/29;1700 UTC;0;973,5;974,5;973,5;1917,3;33,9;22,5;34,5;33;23,4;21,1;56;48;52;338;6,2;2,4;
2024/04/29;1800 UTC;0;972,6;973,5;972,6;2098,2;34,2;21,6;34,9;33;23,3;21,1;55;45;48;344;7,8;2,5;
2024/04/29;1900 UTC;0;972,2;972,6;972,2;963,5;33;22,6;34,1;32,1;22,6;21;55;47;55;351;6,4;2;
2024/04/29;2000 UTC;0;972,2;972,2;972;1146,8;32,8;23,2;33,7;32,7;23,2;21,8;58;51;57;333;5,2;1,3;
2024/04/29;2100 UTC;0;972,1;972,2;972,1;422,9;29,6;22,7;32,9;29,6;22,8;21,8;66;53;66;333;3,6;1,3;
2024/04/29;2200 UTC;0;972,2;972,2;972;5,8;27;22,3;29,6;27;22,7;22,2;75;66;75;333;2,1;1,3;
2024/04/29;2300 UTC;0;972,4;972,4;972,1;;25,7;22,3;27;25,6;22,4;22,2;82;75;82;327;2;1,6;
2024/04/30;0000 UTC;0;973;973;972,4;;24,9;21,7;25,8;24,9;22,2;21,6;82;80;82;348;2,8;,9;
2024/04/30;0100 UTC;0;973,7;973,7;973;;24,6;21,7;25,1;24,3;21,7;21,6;85;81;84;354;2,5;,3;
2024/04/30;0200 UTC;0;973,7;973,9;973,7;;24;21,5;24,6;23,7;21,7;21,5;88;84;86;12;2,1;,5;
2024/04/30;0300 UTC;0;973,5;973,7;973,5;;23,6;21,6;24;23,3;21,7;21,3;90;86;88;33;1,4;,6;
2024/04/30;0400 UTC;0;973,2;973,5;973,1;;23,2;21,2;24,7;23,2;21,6;20,9;88;82;88;17;3;1;
2024/04/30;0500 UTC;0;972,6;973,2;972,6;;22,9;20,8;23,7;22,7;21,5;20,8;90;86;88;18;2,8;,6;
2024/04/30;0600 UTC;0;972,3;972,7;972,3;;23,1;21,1;23,1;21,7;21,5;20,4;94;88;89;44;2,2;1,3;
2024/04/30;0700 UTC;0;972,5;972,5;972,2;;21,3;20,5;23,4;21,3;21,3;20,4;95;88;95;43;2,9;,6;
2024/04/30;0800 UTC;0;972,4;972,5;972,4;;22,6;20,7;22,6;21,3;21,2;20,6;95;89;89;30;3,1;1,5;
2024/04/30;0900 UTC;0;973;973;972,4;;20,7;19,9;22,6;20,7;20,7;19,8;96;89;95;4;2,9;,8;
2024/04/30;1000 UTC;0;974;974;973;;21,1;20,6;21,1;20,3;20,6;19,7;97;95;97;48;1,8;,6;
2024/04/30;1100 UTC;0;974,6;974,6;974;230,3;24,2;21,4;24,2;21;21,5;20,4;97;84;84;35;2,9;1,5;
2024/04/30;1200 UTC;0;975,6;975,6;974,6;934;26,8;22;26,9;24,2;22,3;21,3;84;75;75;12;3,2;1,6;
2024/04/30;1300 UTC;0;976,1;976,1;975,6;1660,5;29,7;22,7;29,7;26,8;23,2;21,7;75;65;66;7;3,9;2,1;
2024/04/30;1400 UTC;0;975,7;976,1;975,7;2256,8;31,8;23,7;32;29,7;24,3;22,4;68;61;62;355;5;2,7;
2024/04/30;1500 UTC;0;974,9;975,7;974,9;2502,1;33,2;23,1;33,5;31,8;24,8;22,9;64;54;55;347;9,4;3,9;
2024/04/30;1600 UTC;0;974,1;974,9;974,1;2846,6;33,6;22,7;34,2;32,8;24,4;22,1;58;51;53;346;9,6;4,1;
2024/04/30;1700 UTC;0;973,2;974,1;973,2;2744,9;33,8;23,3;34,3;33,3;24;21,9;56;50;54;333;8,5;3,5;
2024/04/30;1800 UTC;0;972,7;973,2;972,7;2276,4;33,9;22,8;34,3;32,8;23,7;21,8;56;49;53;336;10,1;3,5;
2024/04/30;1900 UTC;0;972,5;972,7;972,5;1784,2;33,7;22,2;34,2;32,4;23,7;21,5;58;49;51;339;8,2;2,9;
2024/04/30;2000 UTC;0;972,3;972,5;972,3;1219,9;32,6;22,3;33,7;32,6;22,8;21,7;56;50;55;339;5,8;2,3;
2024/04/30;2100 UTC;0;972,6;972,6;972,3;419,6;29,5;23,4;32,6;29,5;23,7;22,1;70;54;70;342;5,2;1,1;
2024/04/30;2200 UTC;0;972,9;972,9;972,6;4,7;26,9;23,3;29,5;26,9;23,7;23,3;81;70;81;329;2,1;1;
2024/04/30;2300 UTC;0;973,3;973,3;972,8;;26,4;22,7;27;25,9;23,3;22,7;83;80;80;17;1,7;,8;
